
Interrupt method selected.

Period, Pulse_Width, BG_Tasks Run, Latency, Missed, Multiple.

Please, press PB0 to continue.
2, 1, 0, 17, 49837, 0
4, 2, 0, 40, 35594, 1
6, 3, 0, 20, 59103, 2161
8, 4, 0, 37, 62265, 0
10, 5, 0, 43, 35592, 0
12, 6, 0, 14, 2953, 0
14, 7, 0, 15, 54564, 0
16, 8, 0, 32, 41130, 0
18, 9, 0, 36, 27799, 0
20, 10, 0, 19, 19904, 0
22, 11, 0, 27, 14463, 0
24, 12, 0, 46, 6413, 0
26, 13, 0, 32, 951, 0
28, 14, 0, 47, 60000, 0
30, 15, 0, 48, 55511, 0
32, 16, 0, 27, 53922, 0
34, 17, 0, 25, 48889, 0
36, 18, 0, 27, 46956, 0
38, 19, 0, 56, 43334, 0
40, 20, 0, 58, 41905, 0
42, 21, 0, 48, 39290, 0
44, 22, 0, 53, 37641, 0
46, 23, 0, 38, 36668, 0
48, 24, 0, 66, 33334, 0
50, 25, 0, 59, 32530, 0
52, 26, 0, 53, 31111, 0
54, 27, 0, 48, 29762, 0
56, 28, 0, 47, 27776, 0
58, 29, 0, 80, 26667, 0
60, 30, 0, 58, 26229, 0
62, 31, 0, 64, 24655, 0
64, 32, 0, 50, 24241, 0
66, 33, 0, 75, 23736, 0
68, 34, 0, 66, 21907, 0
70, 35, 0, 54, 22224, 0
72, 36, 1, 90, 19711, 0
74, 37, 193, 74, 26299, 0
76, 38, 58, 84, 19778, 0
78, 39, 0, 70, 18334, 0
80, 40, 38, 89, 17740, 0
82, 41, 122, 86, 18436, 0
84, 42, 57, 64, 16612, 0
86, 43, 371, 76, 19476, 0
88, 44, 1, 77, 15558, 0
90, 45, 310, 97, 17385, 0
92, 46, 258, 77, 16357, 0
94, 47, 183, 94, 15264, 0
96, 48, 96, 76, 13700, 0
98, 49, 0, 109, 13334, 0
100, 50, 284, 89, 13072, 0
102, 51, 549, 77, 12821, 0
104, 52, 806, 76, 12579, 0
106, 53, 1050, 87, 12346, 0
108, 54, 1285, 69, 12122, 0
110, 55, 1488, 78, 14881, 0
112, 56, 1704, 88, 16310, 0
114, 57, 1914, 109, 11500, 0
116, 58, 343, 107, 9786, 0
118, 59, 1, 94, 10002, 0
120, 60, 235, 106, 9839, 0
122, 61, 461, 92, 9680, 0
124, 62, 674, 107, 9526, 0
126, 63, 892, 108, 9376, 0
128, 64, 1057, 95, 9231, 0
130, 65, 1272, 118, 11634, 0
132, 66, 737, 115, 9397, 0
134, 67, 754, 112, 8401, 0
136, 68, 964, 117, 10068, 0
138, 69, 567, 122, 7798, 0
140, 70, 74, 130, 7050, 0
142, 71, 486, 120, 8315, 0
144, 72, 91, 119, 6861, 0
146, 73, 58, 132, 6757, 0
148, 74, 1, 114, 6668, 0
150, 75, 194, 124, 6579, 0
152, 76, 382, 122, 6494, 0
154, 77, 549, 108, 6411, 0
156, 78, 719, 110, 6330, 0
158, 79, 892, 109, 6251, 0
160, 80, 1050, 121, 6173, 0
162, 81, 1219, 122, 6098, 0
164, 82, 1389, 110, 6025, 0
166, 83, 1487, 108, 5953, 0
168, 84, 1679, 106, 5883, 0
170, 85, 1776, 124, 5814, 0
172, 86, 1914, 109, 5748, 0
174, 87, 2065, 121, 5682, 0
176, 88, 2205, 121, 5618, 0
178, 89, 2332, 123, 5556, 0
180, 90, 2476, 122, 5495, 0
182, 91, 2715, 120, 5435, 0
184, 92, 2687, 106, 5377, 0
186, 93, 2862, 108, 5320, 0
188, 94, 2959, 107, 5264, 0
190, 95, 3076, 106, 5209, 0
192, 96, 3219, 121, 5155, 0
194, 97, 3314, 108, 5103, 0
196, 98, 3405, 121, 5051, 0
198, 99, 3517, 105, 5001, 0
200, 100, 3599, 121, 4951, 0
202, 101, 3698, 121, 4902, 0
204, 102, 3785, 105, 4855, 0
206, 103, 3897, 120, 4808, 0
208, 104, 3988, 121, 4762, 0
210, 105, 4065, 120, 4717, 0
212, 106, 4152, 119, 4673, 0
214, 107, 4242, 119, 4630, 0
216, 108, 4408, 106, 4589, 0
218, 109, 4544, 106, 4546, 0
220, 110, 4608, 120, 4503, 0
222, 111, 4647, 135, 6309, 0
224, 112, 4737, 163, 6630, 0
226, 113, 4794, 204, 8073, 0
228, 114, 4911, 221, 6984, 0
230, 115, 5024, 225, 4340, 0
232, 116, 2600, 189, 2610, 0
234, 117, 2331, 172, 2417, 0
236, 118, 2300, 160, 2389, 0
238, 119, 2215, 168, 2383, 0
240, 120, 2443, 159, 2743, 0
242, 121, 2531, 166, 2682, 0
244, 122, 2709, 180, 2710, 0
246, 123, 2745, 179, 2688, 0
248, 124, 2813, 177, 2667, 0
250, 125, 2892, 164, 2646, 0
252, 126, 2998, 174, 2626, 0
254, 127, 3075, 162, 2604, 0
256, 128, 3169, 175, 2584, 0
258, 129, 3261, 173, 2564, 0
260, 130, 3389, 184, 3221, 0
262, 131, 3424, 245, 4681, 0
264, 132, 3506, 247, 3495, 0
266, 133, 2003, 243, 2441, 0
268, 134, 1751, 207, 1322, 0
270, 135, 2444, 178, 1834, 0
272, 136, 2517, 177, 1826, 0
274, 137, 2615, 253, 3465, 0
276, 138, 1805, 245, 1213, 0
278, 139, 1494, 209, 1045, 0
280, 140, 1912, 248, 2454, 0
282, 141, 126, 238, 41, 0
284, 142, 1789, 259, 1647, 0
286, 143, 1207, 255, 1546, 0
288, 144, 895, 247, 688, 0
290, 145, 143, 244, 42, 0
292, 146, 143, 255, 52, 0
294, 147, 58, 252, 1, 0
296, 148, 31, 272, 1, 0
298, 149, 1, 248, 1, 0
300, 150, 111, 231, 1, 0
302, 151, 194, 231, 1, 0
304, 152, 284, 231, 1, 0
306, 153, 382, 231, 1, 0
308, 154, 461, 231, 1, 0
310, 155, 550, 231, 1, 0
312, 156, 637, 231, 1, 0
314, 157, 719, 231, 1, 0
316, 158, 806, 231, 1, 0
318, 159, 893, 231, 1, 0
320, 160, 981, 231, 1, 0
322, 161, 1051, 231, 1, 0
324, 162, 1141, 231, 1, 0
326, 163, 1219, 231, 1, 0
328, 164, 1285, 231, 1, 0
330, 165, 1390, 231, 1, 0
332, 166, 1497, 231, 1, 0
334, 167, 1488, 231, 1, 0
336, 168, 1578, 231, 1, 0
338, 169, 1680, 231, 1, 0
340, 170, 1706, 231, 1, 0
342, 171, 1776, 231, 1, 0
344, 172, 1850, 231, 1, 0
346, 173, 1916, 231, 1, 0
348, 174, 1970, 231, 1, 0
350, 175, 2045, 231, 1, 0
352, 176, 2118, 231, 1, 0
354, 177, 2206, 231, 1, 0
356, 178, 2234, 231, 1, 0
358, 179, 2333, 231, 1, 0
360, 180, 2401, 231, 1, 0
362, 181, 2477, 231, 1, 0
364, 182, 2549, 231, 1, 0
366, 183, 2716, 231, 1, 0
368, 184, 2702, 231, 1, 0
370, 185, 2688, 234, 1, 0
372, 186, 2780, 231, 1, 0
374, 187, 2864, 231, 1, 0
376, 188, 2910, 231, 1, 0
378, 189, 2960, 231, 1, 0
380, 190, 3030, 231, 1, 0
382, 191, 3077, 231, 1, 0
384, 192, 3128, 231, 1, 0
386, 193, 3221, 231, 1, 0
388, 194, 3262, 231, 1, 0
390, 195, 3316, 231, 1, 0
392, 196, 3384, 231, 1, 0
394, 197, 3403, 231, 1, 0
396, 198, 3454, 231, 1, 0
398, 199, 3518, 231, 1, 0
400, 200, 3553, 231, 1, 0
402, 201, 3600, 231, 1, 0
404, 202, 3693, 231, 1, 0
406, 203, 3699, 231, 1, 0
408, 204, 3752, 231, 1, 0
410, 205, 3786, 231, 1, 0
412, 206, 3864, 231, 1, 0
414, 207, 3897, 231, 1, 0
416, 208, 3914, 231, 1, 0
418, 209, 3989, 231, 1, 0
420, 210, 4061, 231, 1, 0
422, 211, 4066, 231, 1, 0
424, 212, 4123, 231, 1, 0
426, 213, 4180, 231, 1, 0
428, 214, 4208, 231, 2, 0
430, 215, 4272, 231, 2, 0
432, 216, 4336, 231, 1, 0
434, 217, 4410, 231, 2, 0
436, 218, 4566, 231, 1, 0
438, 219, 4545, 231, 2, 0
440, 220, 4595, 231, 0, 0
442, 221, 4614, 231, 0, 0
444, 222, 4637, 231, 0, 0
446, 223, 4648, 231, 0, 0
448, 224, 4682, 231, 0, 0
450, 225, 4737, 231, 0, 0
452, 226, 4764, 231, 0, 0
454, 227, 4794, 231, 0, 0
456, 228, 4867, 231, 0, 0
458, 229, 4912, 231, 0, 0
460, 230, 4945, 231, 0, 0
462, 231, 4996, 231, 0, 0
464, 232, 5004, 231, 0, 0
466, 233, 5062, 231, 0, 0
468, 234, 5103, 231, 0, 0
470, 235, 5155, 231, 0, 0
472, 236, 5269, 231, 0, 0
474, 237, 5249, 231, 0, 0
476, 238, 5282, 231, 0, 0
478, 239, 5300, 231, 0, 0
480, 240, 5343, 231, 0, 0
482, 241, 5369, 231, 0, 0
484, 242, 5483, 231, 0, 0
486, 243, 5462, 231, 0, 0
488, 244, 5502, 231, 0, 0
490, 245, 5540, 231, 0, 0
492, 246, 5573, 231, 0, 0
494, 247, 5642, 231, 0, 0
496, 248, 5620, 231, 0, 0
498, 249, 5681, 231, 0, 0
500, 250, 5714, 231, 0, 0
502, 251, 5769, 231, 0, 0
504, 252, 5789, 231, 0, 0
506, 253, 5902, 231, 0, 0
508, 254, 5879, 232, 0, 0
510, 255, 5857, 231, 0, 0
512, 256, 5919, 231, 0, 0
514, 257, 5933, 231, 0, 0
516, 258, 5964, 231, 0, 0
518, 259, 6040, 231, 0, 0
520, 260, 6034, 231, 0, 0
522, 261, 6103, 231, 0, 0
524, 262, 6081, 231, 0, 0
526, 263, 6136, 231, 0, 0
528, 264, 6171, 231, 0, 0
530, 265, 6262, 231, 0, 0
532, 266, 6239, 231, 0, 0
534, 267, 6274, 231, 0, 0
536, 268, 6303, 231, 0, 0
538, 269, 6345, 231, 0, 0
540, 270, 6371, 231, 0, 0
542, 271, 6401, 231, 0, 0
544, 272, 6408, 231, 0, 0
546, 273, 6437, 231, 0, 0
548, 274, 6461, 231, 0, 0
550, 275, 6518, 231, 0, 0
552, 276, 6561, 231, 0, 0
554, 277, 6566, 231, 0, 0
556, 278, 6605, 231, 0, 0
558, 279, 6629, 231, 0, 0
560, 280, 6640, 231, 0, 0
562, 281, 6677, 231, 0, 0
564, 282, 6695, 231, 0, 0
566, 283, 6726, 231, 0, 0
568, 284, 6754, 231, 0, 0
570, 285, 6790, 231, 0, 0
572, 286, 6853, 231, 0, 0
574, 287, 6941, 231, 0, 0
576, 288, 6918, 231, 0, 0
578, 289, 6894, 231, 0, 0
580, 290, 6870, 231, 0, 0
582, 291, 6958, 231, 0, 0
584, 292, 6972, 231, 0, 0
586, 293, 6979, 231, 0, 0
588, 294, 7007, 231, 0, 0
590, 295, 7047, 231, 0, 0
592, 296, 7052, 231, 0, 0
594, 297, 7081, 231, 0, 0
596, 298, 7111, 231, 0, 0
598, 299, 7139, 231, 0, 0
600, 300, 7166, 231, 0, 0
602, 301, 7197, 231, 0, 0
604, 302, 7232, 231, 0, 0
606, 303, 7233, 231, 0, 0
608, 304, 7282, 231, 0, 0
610, 305, 7298, 231, 0, 0
612, 306, 7325, 231, 0, 0
614, 307, 7328, 231, 0, 0
616, 308, 7352, 231, 0, 0
618, 309, 7381, 231, 0, 0
620, 310, 7410, 231, 0, 0
622, 311, 7447, 231, 0, 0
624, 312, 7452, 231, 0, 0
626, 313, 7477, 231, 0, 0
628, 314, 7535, 231, 0, 0
630, 315, 7520, 231, 0, 0
632, 316, 7545, 231, 0, 0
634, 317, 7572, 231, 0, 0
636, 318, 7586, 231, 0, 0
638, 319, 7606, 231, 0, 0
640, 320, 7629, 231, 0, 0
642, 321, 7653, 231, 0, 0
644, 322, 7736, 231, 0, 0
646, 323, 7712, 231, 0, 0
648, 324, 7690, 231, 0, 0
650, 325, 7732, 231, 0, 0
652, 326, 7781, 231, 0, 0
654, 327, 7788, 231, 0, 0
656, 328, 7788, 231, 0, 0
658, 329, 7789, 231, 0, 0
660, 330, 7852, 231, 0, 0
662, 331, 7862, 231, 0, 0
664, 332, 7867, 231, 0, 0
666, 333, 7896, 231, 0, 0
668, 334, 7926, 231, 0, 0
670, 335, 7934, 231, 0, 0
672, 336, 7956, 231, 0, 0
674, 337, 7974, 231, 0, 0
676, 338, 8004, 231, 0, 0
678, 339, 8018, 231, 0, 0
680, 340, 8022, 231, 0, 0
682, 341, 8058, 231, 0, 0
684, 342, 8057, 231, 0, 0
686, 343, 8072, 231, 0, 0
688, 344, 8112, 231, 0, 0
690, 345, 8142, 231, 0, 0
692, 346, 8162, 231, 0, 0
694, 347, 8168, 231, 0, 0
696, 348, 8183, 231, 0, 0
698, 349, 8188, 231, 0, 0
700, 350, 8213, 231, 0, 0
702, 351, 8224, 231, 0, 0
704, 352, 8243, 231, 0, 0
706, 353, 8262, 231, 0, 0
708, 354, 8287, 231, 0, 0
710, 355, 8334, 231, 0, 0
712, 356, 8401, 232, 0, 0
714, 357, 8377, 231, 0, 0
716, 358, 8354, 231, 0, 0
718, 359, 8331, 231, 0, 0
720, 360, 8398, 231, 0, 0
722, 361, 8399, 231, 0, 0
724, 362, 8407, 231, 0, 0
726, 363, 8425, 231, 0, 0
728, 364, 8454, 231, 0, 0
730, 365, 8458, 231, 0, 0
732, 366, 8474, 231, 0, 0
734, 367, 8494, 231, 0, 0
736, 368, 8515, 231, 0, 0
738, 369, 8531, 231, 0, 0
740, 370, 8553, 231, 0, 0
742, 371, 8578, 231, 0, 0
744, 372, 8576, 231, 0, 0
746, 373, 8612, 231, 0, 0
748, 374, 8612, 231, 0, 0
750, 375, 8640, 231, 0, 0
752, 376, 8648, 231, 0, 0
754, 377, 8654, 231, 0, 0
756, 378, 8674, 231, 0, 0
758, 379, 8695, 231, 0, 0
760, 380, 8745, 231, 0, 0
762, 381, 8723, 231, 0, 0
764, 382, 8741, 231, 0, 0
766, 383, 8740, 231, 0, 0
768, 384, 8769, 231, 0, 0
770, 385, 8804, 231, 0, 0
772, 386, 8806, 231, 0, 0
774, 387, 8814, 231, 0, 0
776, 388, 8826, 231, 0, 0
778, 389, 8844, 231, 0, 0
780, 390, 8859, 231, 0, 0
782, 391, 8925, 231, 0, 0
784, 392, 8902, 231, 0, 0
786, 393, 8881, 231, 0, 0
788, 394, 8908, 231, 0, 0
790, 395, 8914, 231, 0, 0
792, 396, 8928, 231, 0, 0
794, 397, 8949, 231, 0, 0
796, 398, 8948, 231, 0, 0
798, 399, 8975, 231, 0, 0
800, 400, 8975, 231, 0, 0
802, 401, 9003, 231, 0, 0
804, 402, 9020, 231, 0, 0
806, 403, 9073, 231, 0, 0
808, 404, 9051, 231, 0, 0
810, 405, 9067, 231, 0, 0
812, 406, 9080, 231, 0, 0
814, 407, 9101, 231, 0, 0
816, 408, 9103, 231, 0, 0
818, 409, 9130, 231, 0, 0
820, 410, 9122, 231, 0, 0
822, 411, 9166, 231, 0, 0
824, 412, 9144, 231, 0, 0
826, 413, 9175, 231, 0, 0
828, 414, 9197, 231, 0, 0
830, 415, 9211, 231, 0, 0
832, 416, 9215, 231, 0, 0
834, 417, 9224, 231, 0, 0
836, 418, 9225, 231, 0, 0
838, 419, 9256, 231, 0, 0
840, 420, 9251, 231, 0, 0
842, 421, 9265, 231, 0, 0
844, 422, 9279, 231, 0, 0
846, 423, 9296, 231, 0, 0
848, 424, 9333, 231, 0, 0
850, 425, 9386, 237, 0, 0
852, 426, 9365, 231, 0, 0
854, 427, 9343, 231, 0, 0
856, 428, 9323, 231, 0, 0
858, 429, 9375, 231, 0, 0
860, 430, 9379, 231, 0, 0
862, 431, 9378, 231, 0, 0
864, 432, 9391, 231, 0, 0
866, 433, 9414, 231, 0, 0
868, 434, 9415, 231, 0, 0
870, 435, 9426, 231, 0, 0
872, 436, 9436, 231, 0, 0
874, 437, 9456, 231, 0, 0
876, 438, 9468, 231, 0, 0
878, 439, 9489, 231, 0, 0
880, 440, 9498, 231, 0, 0
882, 441, 9512, 231, 0, 0
884, 442, 9528, 231, 0, 0
886, 443, 9533, 231, 0, 0
888, 444, 9548, 231, 0, 0
890, 445, 9553, 231, 0, 0
892, 446, 9573, 231, 0, 0
894, 447, 9571, 231, 0, 0
896, 448, 9587, 231, 0, 0
898, 449, 9626, 231, 0, 0
900, 450, 9606, 231, 0, 0
902, 451, 9618, 231, 0, 0
904, 452, 9654, 231, 0, 0
906, 453, 9638, 231, 0, 0
908, 454, 9667, 231, 0, 0
910, 455, 9646, 231, 0, 0
912, 456, 9688, 231, 0, 0
914, 457, 9679, 231, 0, 0
916, 458, 9691, 231, 0, 0
918, 459, 9705, 231, 0, 0
920, 460, 9758, 231, 0, 0
922, 461, 9737, 231, 0, 0
924, 462, 9717, 231, 0, 0
926, 463, 9743, 231, 0, 0
928, 464, 9741, 231, 0, 0
930, 465, 9773, 231, 0, 0
932, 466, 9786, 231, 0, 0
934, 467, 9765, 231, 0, 0
936, 468, 9805, 231, 0, 0
938, 469, 9816, 231, 0, 0
940, 470, 9809, 231, 0, 0
942, 471, 9823, 231, 0, 0
944, 472, 9863, 231, 0, 0
946, 473, 9842, 231, 0, 0
948, 474, 9855, 231, 0, 0
950, 475, 9863, 231, 0, 0
952, 476, 9879, 231, 0, 0
954, 477, 9882, 231, 0, 0
956, 478, 9896, 231, 0, 0
958, 479, 9907, 231, 0, 0
960, 480, 9904, 231, 0, 0
962, 481, 9909, 231, 0, 0
964, 482, 9934, 231, 0, 0
966, 483, 9953, 231, 0, 0
968, 484, 9962, 231, 0, 0
970, 485, 9968, 231, 0, 0
972, 486, 9970, 231, 0, 0
974, 487, 9971, 231, 0, 0
976, 488, 9995, 231, 0, 0
978, 489, 9988, 231, 0, 0
980, 490, 9999, 231, 0, 0
982, 491, 10008, 231, 0, 0
984, 492, 10023, 231, 0, 0
986, 493, 10053, 231, 0, 0
988, 494, 10099, 231, 0, 0
990, 495, 10079, 231, 0, 0
992, 496, 10060, 231, 0, 0
994, 497, 10040, 231, 0, 0
996, 498, 10084, 231, 0, 0
998, 499, 10086, 231, 0, 0
1000, 500, 10084, 231, 0, 0
1002, 501, 10094, 231, 0, 0
1004, 502, 10111, 231, 0, 0
1006, 503, 10111, 231, 0, 0
1008, 504, 10119, 231, 0, 0
1010, 505, 10130, 231, 0, 0
1012, 506, 10141, 231, 0, 0
1014, 507, 10120, 231, 0, 0
1016, 508, 10162, 231, 0, 0
1018, 509, 10177, 231, 0, 0
1020, 510, 10173, 231, 0, 0
1022, 511, 10197, 231, 0, 0
1024, 512, 10194, 231, 0, 0
1026, 513, 10210, 231, 0, 0
1028, 514, 10214, 231, 0, 0
1030, 515, 10216, 231, 0, 0
1032, 516, 10221, 231, 0, 0
1034, 517, 10238, 231, 0, 0
1036, 518, 10273, 231, 0, 0
1038, 519, 10255, 231, 0, 0
1040, 520, 10263, 231, 0, 0
1042, 521, 10293, 231, 0, 0
1044, 522, 10280, 231, 0, 0
1046, 523, 10301, 231, 0, 0
1048, 524, 10283, 231, 0, 0
1050, 525, 10304, 231, 0, 0
1052, 526, 10309, 231, 0, 0
1054, 527, 10319, 231, 0, 0
1056, 528, 10393, 231, 0, 0
1058, 529, 10373, 231, 0, 0
1060, 530, 10356, 231, 0, 0
1062, 531, 10335, 231, 0, 0
1064, 532, 10355, 231, 0, 0
1066, 533, 10381, 231, 0, 0
1068, 534, 10364, 231, 0, 0
1070, 535, 10376, 231, 0, 0
1072, 536, 10381, 231, 0, 0
1074, 537, 10405, 231, 0, 0
1076, 538, 10387, 231, 0, 0
1078, 539, 10413, 231, 0, 0
1080, 540, 10415, 231, 0, 0
1082, 541, 10454, 231, 0, 0
1084, 542, 10432, 231, 0, 0
1086, 543, 10443, 231, 0, 0
1088, 544, 10449, 231, 0, 0
1090, 545, 10462, 231, 0, 0
1092, 546, 10463, 231, 0, 0
1094, 547, 10475, 231, 0, 0
1096, 548, 10482, 231, 0, 0
1098, 549, 10503, 231, 0, 0
1100, 550, 10483, 231, 0, 0
1102, 551, 10504, 231, 0, 0
1104, 552, 10508, 231, 0, 0
1106, 553, 10515, 231, 0, 0
1108, 554, 10521, 231, 0, 0
1110, 555, 10531, 231, 0, 0
1112, 556, 10530, 231, 0, 0
1114, 557, 10543, 231, 0, 0
1116, 558, 10544, 231, 0, 0
1118, 559, 10552, 231, 0, 0
1120, 560, 10560, 231, 0, 0
1122, 561, 10572, 231, 0, 0
1124, 562, 10598, 231, 0, 0
1126, 563, 10637, 231, 0, 0
1128, 564, 10617, 231, 0, 0
1130, 565, 10599, 231, 0, 0
1132, 566, 10580, 231, 0, 0
1134, 567, 10617, 231, 0, 0
1136, 568, 10615, 231, 0, 0
1138, 569, 10616, 231, 0, 0
1140, 570, 10624, 231, 0, 0
1142, 571, 10639, 231, 0, 0
1144, 572, 10638, 231, 0, 0
1146, 573, 10649, 231, 0, 0
1148, 574, 10655, 231, 0, 0
1150, 575, 10663, 231, 0, 0
1152, 576, 10664, 231, 0, 0
1154, 577, 10681, 231, 0, 0
1156, 578, 10706, 231, 0, 0
1158, 579, 10698, 231, 0, 0
1160, 580, 10708, 231, 0, 0
1162, 581, 10704, 231, 0, 0
1164, 582, 10718, 231, 0, 0
1166, 583, 10720, 231, 0, 0
1168, 584, 10720, 231, 0, 0
1170, 585, 10728, 231, 0, 0
1172, 586, 10736, 231, 0, 0
1174, 587, 10767, 231, 0, 0
1176, 588, 10750, 231, 0, 0
1178, 589, 10758, 231, 0, 0
1180, 590, 10784, 231, 0, 0
1182, 591, 10771, 231, 0, 0
1184, 592, 10790, 231, 0, 0
1186, 593, 10783, 231, 0, 0
1188, 594, 10788, 231, 0, 0
1190, 595, 10798, 231, 0, 0
1192, 596, 10803, 231, 0, 0
1194, 597, 10810, 231, 0, 0
1196, 598, 10847, 231, 0, 0
1198, 599, 10830, 231, 0, 0
1200, 600, 10813, 231, 0, 0
1202, 601, 10829, 231, 0, 0
1204, 602, 10828, 231, 0, 0
1206, 603, 10850, 231, 0, 0
1208, 604, 10846, 231, 0, 0
1210, 605, 10843, 231, 0, 0
1212, 606, 10869, 231, 0, 0
1214, 607, 10870, 231, 0, 0
1216, 608, 10871, 231, 0, 0
1218, 609, 10880, 231, 0, 0
1220, 610, 10907, 231, 0, 0
1222, 611, 10890, 231, 0, 0
1224, 612, 10898, 231, 0, 0
1226, 613, 10905, 231, 0, 0
1228, 614, 10917, 231, 0, 0
1230, 615, 10913, 231, 0, 0
1232, 616, 10927, 231, 0, 0
1234, 617, 10921, 231, 0, 0
1236, 618, 10925, 231, 0, 0
1238, 619, 10929, 231, 0, 0
1240, 620, 10947, 231, 0, 0
1242, 621, 10958, 231, 0, 0
1244, 622, 10956, 231, 0, 0
1246, 623, 10964, 231, 0, 0
1248, 624, 10971, 231, 0, 0
1250, 625, 10966, 231, 0, 0
1252, 626, 10984, 231, 0, 0
1254, 627, 10978, 231, 0, 0
1256, 628, 10985, 231, 0, 0
1258, 629, 10991, 231, 0, 0
1260, 630, 11000, 231, 0, 0
1262, 631, 11022, 231, 0, 0
1264, 632, 11056, 231, 0, 0
1266, 633, 11039, 231, 0, 0
1268, 634, 11021, 231, 0, 0
1270, 635, 11005, 231, 0, 0
1272, 636, 11037, 231, 0, 0
1274, 637, 11037, 231, 0, 0
1276, 638, 11035, 231, 0, 0
1278, 639, 11040, 231, 0, 0
1280, 640, 11055, 231, 0, 0
1282, 641, 11051, 231, 0, 0
1284, 642, 11058, 231, 0, 0
1286, 643, 11064, 231, 0, 0
1288, 644, 11071, 231, 0, 0
1290, 645, 11077, 231, 0, 0
1292, 646, 11085, 231, 0, 0
1294, 647, 11097, 231, 0, 0
1296, 648, 11091, 231, 0, 0
1298, 649, 11095, 231, 0, 0
1300, 650, 11134, 231, 0, 0
1302, 651, 11116, 231, 0, 0
1304, 652, 11118, 231, 0, 0
1306, 653, 11120, 231, 0, 0
1308, 654, 11125, 231, 0, 0
1310, 655, 11133, 231, 0, 0
1312, 656, 11147, 231, 0, 0
1314, 657, 11142, 231, 0, 0
1316, 658, 11148, 231, 0, 0
1318, 659, 11172, 231, 0, 0
1320, 660, 11158, 231, 0, 0
1322, 661, 11174, 231, 0, 0
1324, 662, 11170, 231, 0, 0
1326, 663, 11176, 231, 0, 0
1328, 664, 11177, 231, 0, 0
1330, 665, 11189, 231, 0, 0
1332, 666, 11191, 231, 0, 0
1334, 667, 11227, 231, 0, 0
1336, 668, 11208, 231, 0, 0
1338, 669, 11191, 231, 0, 0
1340, 670, 11207, 231, 0, 0
1342, 671, 11206, 231, 0, 0
1344, 672, 11223, 231, 0, 0
1346, 673, 11230, 231, 0, 0
1348, 674, 11213, 231, 0, 0
1350, 675, 11240, 231, 0, 0
1352, 676, 11225, 231, 0, 0
1354, 677, 11237, 231, 0, 0
1356, 678, 11246, 231, 0, 0
1358, 679, 11270, 231, 0, 0
1360, 680, 11255, 231, 0, 0
1362, 681, 11262, 231, 0, 0
1364, 682, 11268, 231, 0, 0
1366, 683, 11275, 231, 0, 0
1368, 684, 11277, 231, 0, 0
1370, 685, 11275, 231, 0, 0
1372, 686, 11287, 231, 0, 0
1374, 687, 11282, 231, 0, 0
1376, 688, 11286, 231, 0, 0
1378, 689, 11302, 231, 0, 0
1380, 690, 11312, 231, 0, 0
1382, 691, 11319, 231, 0, 0
1384, 692, 11319, 231, 0, 0
1386, 693, 11319, 231, 0, 0
1388, 694, 11316, 231, 0, 0
1390, 695, 11324, 231, 0, 0
1392, 696, 11325, 231, 0, 0
1394, 697, 11330, 231, 0, 0
1396, 698, 11335, 231, 0, 0
1398, 699, 11343, 231, 0, 0
1400, 700, 11363, 231, 0, 0
1402, 701, 11392, 231, 0, 0
1404, 702, 11377, 231, 0, 0
1406, 703, 11361, 231, 0, 0
1408, 704, 11345, 231, 0, 0
1410, 705, 11375, 231, 0, 0
1412, 706, 11371, 231, 0, 0
1414, 707, 11371, 231, 0, 0
1416, 708, 11376, 231, 0, 0
1418, 709, 11386, 231, 0, 0
1420, 710, 11384, 231, 0, 0
1422, 711, 11388, 231, 0, 0
1424, 712, 11395, 231, 0, 0
1426, 713, 11401, 231, 0, 0
1428, 714, 11406, 231, 0, 0
1430, 715, 11413, 231, 0, 0
1432, 716, 11420, 231, 0, 0
1434, 717, 11417, 231, 0, 0
1436, 718, 11433, 231, 0, 0
1438, 719, 11429, 231, 0, 0
1440, 720, 11440, 231, 0, 0
1442, 721, 11427, 231, 0, 0
1444, 722, 11451, 231, 0, 0
1446, 723, 11443, 231, 0, 0
1448, 724, 11453, 231, 0, 0
1450, 725, 11475, 231, 0, 0
1452, 726, 11459, 231, 0, 0
1454, 727, 11465, 231, 0, 0
1456, 728, 11469, 231, 0, 0
1458, 729, 11473, 231, 0, 0
1460, 730, 11488, 231, 0, 0
1462, 731, 11487, 231, 0, 0
1464, 732, 11487, 231, 0, 0
1466, 733, 11492, 231, 0, 0
1468, 734, 11499, 231, 0, 0
1470, 735, 11544, 231, 0, 0
1472, 736, 11529, 231, 0, 0
1474, 737, 11518, 232, 0, 0
1476, 738, 11501, 231, 0, 0
1478, 739, 11513, 231, 0, 0
1480, 740, 11509, 231, 0, 0
1482, 741, 11514, 231, 0, 0
1484, 742, 11533, 231, 0, 0
1486, 743, 11520, 231, 0, 0
1488, 744, 11541, 231, 0, 0
1490, 745, 11545, 231, 0, 0
1492, 746, 11537, 231, 0, 0
1494, 747, 11543, 231, 0, 0
1496, 748, 11556, 231, 0, 0
1498, 749, 11553, 231, 0, 0
1500, 750, 11557, 231, 0, 0
1502, 751, 11563, 231, 0, 0
1504, 752, 11573, 231, 0, 0
1506, 753, 11573, 231, 0, 0
1508, 754, 11568, 231, 0, 0
1510, 755, 11580, 231, 0, 0
1512, 756, 11579, 231, 0, 0
1514, 757, 11589, 231, 0, 0
1516, 758, 11590, 231, 0, 0
1518, 759, 11599, 231, 0, 0
1520, 760, 11598, 231, 0, 0
1522, 761, 11600, 231, 0, 0
1524, 762, 11605, 231, 0, 0
1526, 763, 11603, 231, 0, 0
1528, 764, 11618, 231, 0, 0
1530, 765, 11610, 231, 0, 0
1532, 766, 11615, 231, 0, 0
1534, 767, 11622, 231, 0, 0
1536, 768, 11626, 231, 0, 0
1538, 769, 11643, 231, 0, 0
1540, 770, 11674, 231, 0, 0
1542, 771, 11656, 231, 0, 0
1544, 772, 11640, 231, 0, 0
1546, 773, 11626, 231, 0, 0
1548, 774, 11653, 231, 0, 0
1550, 775, 11651, 231, 0, 0
1552, 776, 11652, 231, 0, 0
1554, 777, 11653, 231, 0, 0
1556, 778, 11661, 231, 0, 0
1558, 779, 11661, 231, 0, 0
1560, 780, 11663, 231, 0, 0
1562, 781, 11668, 231, 0, 0
1564, 782, 11676, 231, 0, 0
1566, 783, 11672, 231, 0, 0
1568, 784, 11684, 231, 0, 0
1570, 785, 11691, 231, 0, 0
1572, 786, 11686, 231, 0, 0
1574, 787, 11703, 231, 0, 0
1576, 788, 11700, 231, 0, 0
1578, 789, 11705, 231, 0, 0
1580, 790, 11708, 231, 0, 0
1582, 791, 11705, 231, 0, 0
1584, 792, 11714, 231, 0, 0
1586, 793, 11716, 231, 0, 0
1588, 794, 11736, 231, 0, 0
1590, 795, 11723, 231, 0, 0
1592, 796, 11727, 231, 0, 0
1594, 797, 11747, 231, 0, 0
1596, 798, 11733, 231, 0, 0
1598, 799, 11750, 231, 0, 0
1600, 800, 11732, 231, 0, 0
1602, 801, 11744, 231, 0, 0
1604, 802, 11747, 231, 0, 0
1606, 803, 11750, 231, 0, 0
1608, 804, 11757, 231, 0, 0
1610, 805, 11782, 231, 0, 0
1612, 806, 11772, 231, 0, 0
1614, 807, 11754, 231, 0, 0
1616, 808, 11770, 231, 0, 0
1618, 809, 11763, 231, 0, 0
1620, 810, 11783, 231, 0, 0
1622, 811, 11783, 231, 0, 0
1624, 812, 11774, 231, 0, 0
1626, 813, 11790, 231, 0, 0
1628, 814, 11777, 231, 0, 0
1630, 815, 11787, 231, 0, 0
1632, 816, 11792, 231, 0, 0
1634, 817, 11801, 231, 0, 0
1636, 818, 11804, 231, 0, 0
1638, 819, 11804, 231, 0, 0
1640, 820, 11811, 231, 0, 0
1642, 821, 11814, 231, 0, 0
1644, 822, 11816, 231, 0, 0
1646, 823, 11822, 231, 0, 0
1648, 824, 11826, 231, 0, 0
1650, 825, 11818, 231, 0, 0
1652, 826, 11823, 231, 0, 0
1654, 827, 11832, 231, 0, 0
1656, 828, 11842, 231, 0, 0
1658, 829, 11844, 231, 0, 0
1660, 830, 11846, 231, 0, 0
1662, 831, 11845, 231, 0, 0
1664, 832, 11841, 231, 0, 0
1666, 833, 11857, 231, 0, 0
1668, 834, 11848, 231, 0, 0
1670, 835, 11855, 231, 0, 0
1672, 836, 11856, 231, 0, 0
1674, 837, 11863, 231, 0, 0
1676, 838, 11878, 231, 0, 0
1678, 839, 11901, 233, 0, 0
1680, 840, 11892, 231, 0, 0
1682, 841, 11874, 231, 0, 0
1684, 842, 11862, 231, 0, 0
1686, 843, 11884, 231, 0, 0
1688, 844, 11883, 231, 0, 0
1690, 845, 11884, 231, 0, 0
1692, 846, 11883, 231, 0, 0
1694, 847, 11893, 231, 0, 0
1696, 848, 11890, 231, 0, 0
1698, 849, 11892, 231, 0, 0
1700, 850, 11901, 231, 0, 0
1702, 851, 11901, 231, 0, 0
1704, 852, 11906, 231, 0, 0
1706, 853, 11911, 231, 0, 0
1708, 854, 11917, 231, 0, 0
1710, 855, 11922, 231, 0, 0
1712, 856, 11924, 231, 0, 0
1714, 857, 11924, 231, 0, 0
1716, 858, 11925, 231, 0, 0
1718, 859, 11916, 232, 0, 0
1720, 860, 11928, 231, 0, 0
1722, 861, 11933, 231, 0, 0
1724, 862, 11938, 231, 0, 0
1726, 863, 11956, 231, 0, 0
1728, 864, 11947, 231, 0, 0
1730, 865, 11947, 231, 0, 0
1732, 866, 11963, 231, 0, 0
1734, 867, 11953, 231, 0, 0
1736, 868, 11964, 231, 0, 0
1738, 869, 11951, 231, 0, 0
1740, 870, 11973, 231, 0, 0
1742, 871, 11966, 231, 0, 0
1744, 872, 11967, 231, 0, 0
1746, 873, 11974, 231, 0, 0
1748, 874, 11996, 231, 0, 0
1750, 875, 11983, 231, 0, 0
1752, 876, 11972, 231, 0, 0
1754, 877, 11979, 231, 0, 0
1756, 878, 11978, 231, 0, 0
1758, 879, 11981, 231, 0, 0
1760, 880, 11999, 231, 0, 0
1762, 881, 11988, 231, 0, 0
1764, 882, 12000, 231, 0, 0
1766, 883, 12007, 231, 0, 0
1768, 884, 11998, 231, 0, 0
1770, 885, 12004, 231, 0, 0
1772, 886, 12011, 231, 0, 0
1774, 887, 12012, 231, 0, 0
1776, 888, 12013, 231, 0, 0
1778, 889, 12015, 231, 0, 0
1780, 890, 12023, 231, 0, 0
1782, 891, 12027, 231, 0, 0
1784, 892, 12025, 231, 0, 0
1786, 893, 12021, 231, 0, 0
1788, 894, 12026, 231, 0, 0
1790, 895, 12030, 231, 0, 0
1792, 896, 12037, 231, 0, 0
1794, 897, 12043, 231, 0, 0
1796, 898, 12040, 231, 0, 0
1798, 899, 12049, 231, 0, 0
1800, 900, 12047, 231, 0, 0
1802, 901, 12047, 231, 0, 0
1804, 902, 12055, 231, 0, 0
1806, 903, 12052, 231, 0, 0
1808, 904, 12054, 231, 0, 0
1810, 905, 12056, 231, 0, 0
1812, 906, 12061, 231, 0, 0
1814, 907, 12077, 231, 0, 0
1816, 908, 12102, 237, 0, 0
1818, 909, 12085, 231, 0, 0
1820, 910, 12072, 231, 0, 0
1822, 911, 12059, 231, 0, 0
1824, 912, 12083, 231, 0, 0
1826, 913, 12082, 231, 0, 0
1828, 914, 12077, 231, 0, 0
1830, 915, 12079, 231, 0, 0
1832, 916, 12087, 231, 0, 0
1834, 917, 12086, 231, 0, 0
1836, 918, 12091, 231, 0, 0
1838, 919, 12092, 231, 0, 0
1840, 920, 12095, 231, 0, 0
1842, 921, 12094, 231, 0, 0
1844, 922, 12104, 231, 0, 0
1846, 923, 12112, 231, 0, 0
1848, 924, 12115, 231, 0, 0
1850, 925, 12108, 231, 0, 0
1852, 926, 12112, 231, 0, 0
1854, 927, 12119, 231, 0, 0
1856, 928, 12119, 231, 0, 0
1858, 929, 12127, 231, 0, 0
1860, 930, 12123, 231, 0, 0
1862, 931, 12128, 231, 0, 0
1864, 932, 12134, 231, 0, 0
1866, 933, 12131, 231, 0, 0
1868, 934, 12134, 231, 0, 0
1870, 935, 12149, 231, 0, 0
1872, 936, 12141, 231, 0, 0
1874, 937, 12154, 231, 0, 0
1876, 938, 12138, 231, 0, 0
1878, 939, 12147, 231, 0, 0
1880, 940, 12148, 231, 0, 0
1882, 941, 12151, 231, 0, 0
1884, 942, 12155, 231, 0, 0
1886, 943, 12180, 231, 0, 0
1888, 944, 12169, 231, 0, 0
1890, 945, 12158, 231, 0, 0
1892, 946, 12164, 231, 0, 0
1894, 947, 12161, 231, 0, 0
1896, 948, 12173, 231, 0, 0
1898, 949, 12176, 231, 0, 0
1900, 950, 12169, 231, 0, 0
1902, 951, 12182, 231, 0, 0
1904, 952, 12176, 231, 0, 0
1906, 953, 12181, 231, 0, 0
1908, 954, 12187, 231, 0, 0
1910, 955, 12194, 231, 0, 0
1912, 956, 12188, 231, 0, 0
1914, 957, 12191, 231, 0, 0
1916, 958, 12193, 231, 0, 0
1918, 959, 12199, 231, 0, 0
1920, 960, 12199, 231, 0, 0
1922, 961, 12202, 231, 0, 0
1924, 962, 12205, 231, 0, 0
1926, 963, 12202, 231, 0, 0
1928, 964, 12204, 231, 0, 0
1930, 965, 12215, 231, 0, 0
1932, 966, 12222, 231, 0, 0
1934, 967, 12226, 231, 0, 0
1936, 968, 12222, 231, 0, 0
1938, 969, 12221, 231, 0, 0
1940, 970, 12218, 231, 0, 0
1942, 971, 12228, 231, 0, 0
1944, 972, 12223, 231, 0, 0
1946, 973, 12226, 231, 0, 0
1948, 974, 12228, 231, 0, 0
1950, 975, 12233, 231, 0, 0
1952, 976, 12246, 231, 0, 0
1954, 977, 12266, 237, 0, 0
1956, 978, 12254, 231, 0, 0
1958, 979, 12243, 231, 0, 0
1960, 980, 12231, 231, 0, 0
1962, 981, 12252, 231, 0, 0
1964, 982, 12251, 231, 0, 0
1966, 983, 12248, 231, 0, 0
1968, 984, 12251, 231, 0, 0
1970, 985, 12251, 231, 0, 0
1972, 986, 12256, 231, 0, 0
1974, 987, 12259, 231, 0, 0
1976, 988, 12263, 231, 0, 0
1978, 989, 12266, 231, 0, 0
1980, 990, 12269, 231, 0, 0
1982, 991, 12274, 231, 0, 0
1984, 992, 12278, 231, 0, 0
1986, 993, 12275, 231, 0, 0
1988, 994, 12285, 231, 0, 0
1990, 995, 12300, 231, 0, 0
1992, 996, 12289, 231, 0, 0
1994, 997, 12285, 231, 0, 0
1996, 998, 12294, 231, 0, 0
1998, 999, 12291, 231, 0, 0
2000, 1000, 12296, 231, 0, 0
2002, 1001, 12302, 231, 0, 0
2004, 1002, 12299, 231, 0, 0
2006, 1003, 12302, 231, 0, 0
2008, 1004, 12314, 231, 0, 0
2010, 1005, 12305, 231, 0, 0
2012, 1006, 12315, 231, 0, 0
2014, 1007, 12312, 231, 0, 0
2016, 1008, 12312, 231, 0, 0
2018, 1009, 12313, 231, 0, 0
2020, 1010, 12320, 231, 0, 0
2022, 1011, 12318, 231, 0, 0
2024, 1012, 12339, 231, 0, 0
2026, 1013, 12328, 231, 0, 0
2028, 1014, 12315, 231, 0, 0
2030, 1015, 12324, 231, 0, 0
2032, 1016, 12321, 231, 0, 0
2034, 1017, 12332, 231, 0, 0
2036, 1018, 12327, 231, 0, 0
2038, 1019, 12327, 231, 0, 0
2040, 1020, 12338, 231, 0, 0
2042, 1021, 12326, 231, 0, 0
2044, 1022, 12333, 231, 0, 0
2046, 1023, 12336, 231, 0, 0
2048, 1024, 12344, 231, 0, 0
2050, 1025, 12342, 231, 0, 0
2052, 1026, 12345, 231, 0, 0
2054, 1027, 12349, 231, 0, 0
2056, 1028, 12349, 231, 0, 0
2058, 1029, 12351, 231, 0, 0
2060, 1030, 12356, 231, 0, 0
2062, 1031, 12358, 231, 0, 0
2064, 1032, 12359, 231, 0, 0
2066, 1033, 12359, 231, 0, 0
2068, 1034, 12367, 231, 0, 0
2070, 1035, 12372, 231, 0, 0
2072, 1036, 12374, 231, 0, 0
2074, 1037, 12371, 231, 0, 0
2076, 1038, 12371, 231, 0, 0
2078, 1039, 12369, 231, 0, 0
2080, 1040, 12373, 231, 0, 0
2082, 1041, 12373, 231, 0, 0
2084, 1042, 12376, 231, 0, 0
2086, 1043, 12378, 231, 0, 0
2088, 1044, 12383, 231, 0, 0
2090, 1045, 12400, 231, 0, 0
2092, 1046, 12418, 231, 0, 0
2094, 1047, 12405, 231, 0, 0
2096, 1048, 12393, 231, 0, 0
2098, 1049, 12380, 231, 0, 0
2100, 1050, 12397, 231, 0, 0
2102, 1051, 12395, 231, 0, 0
2104, 1052, 12393, 231, 0, 0
2106, 1053, 12395, 231, 0, 0
2108, 1054, 12395, 231, 0, 0
2110, 1055, 12394, 231, 0, 0
2112, 1056, 12406, 231, 0, 0
2114, 1057, 12408, 231, 0, 0
2116, 1058, 12410, 231, 0, 0
2118, 1059, 12411, 231, 0, 0
2120, 1060, 12413, 231, 0, 0
2122, 1061, 12417, 231, 0, 0
2124, 1062, 12420, 231, 0, 0
2126, 1063, 12417, 231, 0, 0
2128, 1064, 12421, 231, 0, 0
2130, 1065, 12431, 231, 0, 0
2132, 1066, 12429, 231, 0, 0
2134, 1067, 12433, 231, 0, 0
2136, 1068, 12425, 231, 0, 0
2138, 1069, 12430, 231, 0, 0
2140, 1070, 12446, 231, 0, 0
2142, 1071, 12435, 231, 0, 0
2144, 1072, 12438, 231, 0, 0
2146, 1073, 12444, 231, 0, 0
2148, 1074, 12444, 231, 0, 0
2150, 1075, 12451, 231, 0, 0
2152, 1076, 12446, 231, 0, 0
2154, 1077, 12446, 231, 0, 0
2156, 1078, 12448, 231, 0, 0
2158, 1079, 12451, 231, 0, 0
2160, 1080, 12458, 231, 0, 0
2162, 1081, 12476, 231, 0, 0
2164, 1082, 12464, 231, 0, 0
2166, 1083, 12451, 231, 0, 0
2168, 1084, 12459, 231, 0, 0
2170, 1085, 12457, 231, 0, 0
2172, 1086, 12467, 231, 0, 0
2174, 1087, 12468, 231, 0, 0
2176, 1088, 12462, 231, 0, 0
2178, 1089, 12474, 231, 0, 0
2180, 1090, 12476, 231, 0, 0
2182, 1091, 12470, 231, 0, 0
2184, 1092, 12475, 231, 0, 0
2186, 1093, 12485, 231, 0, 0
2188, 1094, 12481, 231, 0, 0
2190, 1095, 12481, 231, 0, 0
2192, 1096, 12482, 231, 0, 0
2194, 1097, 12487, 231, 0, 0
2196, 1098, 12485, 231, 0, 0
2198, 1099, 12495, 231, 0, 0
2200, 1100, 12494, 231, 0, 0
2202, 1101, 12492, 231, 0, 0
2204, 1102, 12488, 231, 0, 0
2206, 1103, 12497, 231, 0, 0
2208, 1104, 12502, 231, 0, 0
2210, 1105, 12502, 231, 0, 0
2212, 1106, 12501, 231, 0, 0
2214, 1107, 12503, 231, 0, 0
2216, 1108, 12501, 231, 0, 0
2218, 1109, 12505, 231, 0, 0
2220, 1110, 12509, 231, 0, 0
2222, 1111, 12509, 231, 0, 0
2224, 1112, 12509, 231, 0, 0
2226, 1113, 12513, 231, 0, 0
2228, 1114, 12524, 231, 0, 0
2230, 1115, 12548, 232, 0, 0
2232, 1116, 12534, 231, 0, 0
2234, 1117, 12520, 231, 0, 0
2236, 1118, 12509, 231, 0, 0
2238, 1119, 12526, 231, 0, 0
2240, 1120, 12530, 231, 0, 0
2242, 1121, 12524, 231, 0, 0
2244, 1122, 12524, 231, 0, 0
2246, 1123, 12529, 231, 0, 0
2248, 1124, 12528, 231, 0, 0
2250, 1125, 12534, 231, 0, 0
2252, 1126, 12534, 231, 0, 0
2254, 1127, 12534, 231, 0, 0
2256, 1128, 12537, 231, 0, 0
2258, 1129, 12541, 231, 0, 0
2260, 1130, 12548, 231, 0, 0
2262, 1131, 12547, 231, 0, 0
2264, 1132, 12548, 231, 0, 0
2266, 1133, 12549, 231, 0, 0
2268, 1134, 12557, 231, 0, 0
2270, 1135, 12551, 231, 0, 0
2272, 1136, 12549, 231, 0, 0
2274, 1137, 12550, 231, 0, 0
2276, 1138, 12556, 231, 0, 0
2278, 1139, 12573, 231, 0, 0
2280, 1140, 12559, 231, 0, 0
2282, 1141, 12561, 231, 0, 0
2284, 1142, 12564, 231, 0, 0
2286, 1143, 12569, 231, 0, 0
2288, 1144, 12568, 231, 0, 0
2290, 1145, 12562, 231, 0, 0
2292, 1146, 12576, 231, 0, 0
2294, 1147, 12576, 231, 0, 0
2296, 1148, 12579, 231, 0, 0
2298, 1149, 12575, 231, 0, 0
2300, 1150, 12594, 231, 0, 0
2302, 1151, 12589, 232, 0, 0
2304, 1152, 12575, 231, 0, 0
2306, 1153, 12580, 231, 0, 0
2308, 1154, 12578, 231, 0, 0
2310, 1155, 12593, 231, 0, 0
2312, 1156, 12586, 231, 0, 0
2314, 1157, 12580, 231, 0, 0
2316, 1158, 12594, 231, 0, 0
2318, 1159, 12593, 231, 0, 0
2320, 1160, 12595, 231, 0, 0
2322, 1161, 12594, 231, 0, 0
2324, 1162, 12599, 231, 0, 0
2326, 1163, 12602, 231, 0, 0
2328, 1164, 12601, 231, 0, 0
2330, 1165, 12601, 231, 0, 0
2332, 1166, 12606, 231, 0, 0
2334, 1167, 12607, 231, 0, 0
2336, 1168, 12608, 231, 0, 0
2338, 1169, 12609, 231, 0, 0
2340, 1170, 12606, 231, 0, 0
2342, 1171, 12609, 231, 0, 0
2344, 1172, 12613, 231, 0, 0
2346, 1173, 12618, 231, 0, 0
2348, 1174, 12626, 231, 0, 0
2350, 1175, 12618, 231, 0, 0
2352, 1176, 12619, 231, 0, 0
2354, 1177, 12618, 231, 0, 0
2356, 1178, 12625, 231, 0, 0
2358, 1179, 12620, 231, 0, 0
2360, 1180, 12623, 231, 0, 0
2362, 1181, 12631, 231, 0, 0
2364, 1182, 12630, 231, 0, 0
2366, 1183, 12638, 231, 0, 0
2368, 1184, 12655, 232, 0, 0
2370, 1185, 12649, 231, 0, 0
2372, 1186, 12635, 231, 0, 0
2374, 1187, 12624, 231, 0, 0
2376, 1188, 12646, 231, 0, 0
2378, 1189, 12641, 231, 0, 0
2380, 1190, 12635, 231, 0, 0
2382, 1191, 12638, 231, 0, 0
2384, 1192, 12641, 231, 0, 0
2386, 1193, 12640, 231, 0, 0
2388, 1194, 12642, 231, 0, 0
2390, 1195, 12650, 231, 0, 0
2392, 1196, 12648, 231, 0, 0
2394, 1197, 12649, 231, 0, 0
2396, 1198, 12659, 231, 0, 0
2398, 1199, 12659, 231, 0, 0
2400, 1200, 12657, 231, 0, 0
2402, 1201, 12661, 231, 0, 0
2404, 1202, 12661, 231, 0, 0
2406, 1203, 12662, 231, 0, 0
2408, 1204, 12662, 231, 0, 0
2410, 1205, 12665, 231, 0, 0
2412, 1206, 12663, 231, 0, 0
2414, 1207, 12666, 231, 0, 0
2416, 1208, 12677, 231, 0, 0
2418, 1209, 12669, 231, 0, 0
2420, 1210, 12671, 231, 0, 0
2422, 1211, 12687, 231, 0, 0
2424, 1212, 12675, 231, 0, 0
2426, 1213, 12676, 231, 0, 0
2428, 1214, 12678, 231, 0, 0
2430, 1215, 12680, 231, 0, 0
2432, 1216, 12679, 231, 0, 0
2434, 1217, 12688, 231, 0, 0
2436, 1218, 12686, 231, 0, 0
2438, 1219, 12701, 231, 0, 0
2440, 1220, 12698, 232, 0, 0
2442, 1221, 12683, 231, 0, 0
2444, 1222, 12688, 231, 0, 0
2446, 1223, 12686, 231, 0, 0
2448, 1224, 12697, 231, 0, 0
2450, 1225, 12697, 231, 0, 0
2452, 1226, 12692, 231, 0, 0
2454, 1227, 12702, 231, 0, 0
2456, 1228, 12699, 231, 0, 0
2458, 1229, 12704, 231, 0, 0
2460, 1230, 12702, 231, 0, 0
2462, 1231, 12712, 231, 0, 0
2464, 1232, 12710, 231, 0, 0
2466, 1233, 12707, 231, 0, 0
2468, 1234, 12708, 231, 0, 0
2470, 1235, 12717, 231, 0, 0
2472, 1236, 12709, 231, 0, 0
2474, 1237, 12711, 231, 0, 0
2476, 1238, 12715, 231, 0, 0
2478, 1239, 12711, 231, 0, 0
2480, 1240, 12711, 231, 0, 0
2482, 1241, 12723, 231, 0, 0
2484, 1242, 12722, 231, 0, 0
2486, 1243, 12725, 231, 0, 0
2488, 1244, 12724, 231, 0, 0
2490, 1245, 12723, 231, 0, 0
2492, 1246, 12721, 231, 0, 0
2494, 1247, 12727, 231, 0, 0
2496, 1248, 12724, 231, 0, 0
2498, 1249, 12733, 231, 0, 0
2500, 1250, 12729, 231, 0, 0
2502, 1251, 12731, 231, 0, 0
2504, 1252, 12747, 231, 0, 0
2506, 1253, 12756, 231, 0, 0
2508, 1254, 12746, 231, 0, 0
2510, 1255, 12741, 231, 0, 0
2512, 1256, 12726, 231, 0, 0
2514, 1257, 12742, 231, 0, 0
2516, 1258, 12743, 231, 0, 0
2518, 1259, 12737, 231, 0, 0
2520, 1260, 12746, 231, 0, 0
2522, 1261, 12745, 231, 0, 0
2524, 1262, 12742, 231, 0, 0
2526, 1263, 12748, 231, 0, 0
2528, 1264, 12745, 231, 0, 0
2530, 1265, 12748, 231, 0, 0
2532, 1266, 12753, 231, 0, 0
2534, 1267, 12752, 231, 0, 0
2536, 1268, 12764, 231, 0, 0
2538, 1269, 12758, 231, 0, 0
2540, 1270, 12754, 231, 0, 0
2542, 1271, 12764, 231, 0, 0
2544, 1272, 12761, 231, 0, 0
2546, 1273, 12762, 231, 0, 0
2548, 1274, 12762, 231, 0, 0
2550, 1275, 12760, 231, 0, 0
2552, 1276, 12772, 231, 0, 0
2554, 1277, 12776, 231, 0, 0
2556, 1278, 12768, 231, 0, 0
2558, 1279, 12773, 231, 0, 0
2560, 1280, 12778, 231, 0, 0
2562, 1281, 12779, 231, 0, 0
2564, 1282, 12779, 231, 0, 0
2566, 1283, 12769, 231, 0, 0
2568, 1284, 12780, 231, 0, 0
2570, 1285, 12776, 231, 0, 0
2572, 1286, 12789, 231, 0, 0
2574, 1287, 12782, 231, 0, 0
2576, 1288, 12797, 231, 0, 0
2578, 1289, 12792, 231, 0, 0
2580, 1290, 12778, 231, 0, 0
2582, 1291, 12785, 231, 0, 0
2584, 1292, 12793, 231, 0, 0
2586, 1293, 12790, 231, 0, 0
2588, 1294, 12797, 231, 0, 0
2590, 1295, 12786, 231, 0, 0
2592, 1296, 12796, 231, 0, 0
2594, 1297, 12791, 231, 0, 0
2596, 1298, 12792, 231, 0, 0
2598, 1299, 12799, 231, 0, 0
2600, 1300, 12807, 231, 0, 0
2602, 1301, 12804, 231, 0, 0
2604, 1302, 12800, 231, 0, 0
2606, 1303, 12802, 231, 0, 0
2608, 1304, 12805, 231, 0, 0
2610, 1305, 12804, 231, 0, 0
2612, 1306, 12811, 231, 0, 0
2614, 1307, 12807, 231, 0, 0
2616, 1308, 12804, 231, 0, 0
2618, 1309, 12806, 231, 0, 0
2620, 1310, 12811, 231, 0, 0
2622, 1311, 12820, 231, 0, 0
2624, 1312, 12817, 231, 0, 0
2626, 1313, 12822, 231, 0, 0
2628, 1314, 12816, 231, 0, 0
2630, 1315, 12814, 231, 0, 0
2632, 1316, 12819, 231, 0, 0
2634, 1317, 12816, 231, 0, 0
2636, 1318, 12823, 231, 0, 0
2638, 1319, 12819, 231, 0, 0
2640, 1320, 12831, 231, 0, 0
2642, 1321, 12832, 231, 0, 0
2644, 1322, 12847, 235, 0, 0
2646, 1323, 12840, 231, 0, 0
2648, 1324, 12828, 231, 0, 0
2650, 1325, 12824, 231, 0, 0
2652, 1326, 12832, 231, 0, 0
2654, 1327, 12839, 231, 0, 0
2656, 1328, 12829, 231, 0, 0
2658, 1329, 12830, 231, 0, 0
2660, 1330, 12832, 231, 0, 0
2662, 1331, 12832, 231, 0, 0
2664, 1332, 12840, 231, 0, 0
2666, 1333, 12836, 231, 0, 0
2668, 1334, 12845, 231, 0, 0
2670, 1335, 12836, 231, 0, 0
2672, 1336, 12843, 231, 0, 0
2674, 1337, 12852, 231, 0, 0
2676, 1338, 12847, 231, 0, 0
2678, 1339, 12852, 231, 0, 0
2680, 1340, 12848, 231, 0, 0
2682, 1341, 12856, 231, 0, 0
2684, 1342, 12841, 232, 0, 0
2686, 1343, 12860, 231, 0, 0
2688, 1344, 12848, 231, 0, 0
2690, 1345, 12853, 231, 0, 0
2692, 1346, 12859, 231, 0, 0
2694, 1347, 12856, 231, 0, 0
2696, 1348, 12860, 231, 0, 0
2698, 1349, 12859, 231, 0, 0
2700, 1350, 12862, 231, 0, 0
2702, 1351, 12866, 231, 0, 0
2704, 1352, 12870, 231, 0, 0
2706, 1353, 12863, 231, 0, 0
2708, 1354, 12872, 231, 0, 0
2710, 1355, 12869, 231, 0, 0
2712, 1356, 12892, 231, 0, 0
2714, 1357, 12884, 231, 0, 0
2716, 1358, 12874, 232, 0, 0
2718, 1359, 12868, 231, 0, 0
2720, 1360, 12871, 231, 0, 0
2722, 1361, 12873, 231, 0, 0
2724, 1362, 12869, 231, 0, 0
2726, 1363, 12884, 231, 0, 0
2728, 1364, 12870, 231, 0, 0
2730, 1365, 12888, 231, 0, 0
2732, 1366, 12875, 231, 0, 0
2734, 1367, 12878, 231, 0, 0
2736, 1368, 12881, 231, 0, 0
2738, 1369, 12892, 231, 0, 0
2740, 1370, 12884, 231, 0, 0
2742, 1371, 12885, 231, 0, 0
2744, 1372, 12888, 231, 0, 0
2746, 1373, 12886, 231, 0, 0
2748, 1374, 12891, 231, 0, 0
2750, 1375, 12887, 231, 0, 0
2752, 1376, 12896, 231, 0, 0
2754, 1377, 12888, 231, 0, 0
2756, 1378, 12894, 231, 0, 0
2758, 1379, 12894, 231, 0, 0
2760, 1380, 12905, 231, 0, 0
2762, 1381, 12895, 231, 0, 0
2764, 1382, 12908, 231, 0, 0
2766, 1383, 12899, 231, 0, 0
2768, 1384, 12905, 231, 0, 0
2770, 1385, 12903, 231, 0, 0
2772, 1386, 12900, 231, 0, 0
2774, 1387, 12901, 231, 0, 0
2776, 1388, 12903, 231, 0, 0
2778, 1389, 12906, 231, 0, 0
2780, 1390, 12915, 231, 0, 0
2782, 1391, 12929, 237, 0, 0
2784, 1392, 12919, 231, 0, 0
2786, 1393, 12912, 231, 0, 0
2788, 1394, 12901, 231, 0, 0
2790, 1395, 12917, 231, 0, 0
2792, 1396, 12913, 231, 0, 0
2794, 1397, 12913, 231, 0, 0
2796, 1398, 12912, 231, 0, 0
2798, 1399, 12919, 231, 0, 0
2800, 1400, 12913, 231, 0, 0
2802, 1401, 12918, 231, 0, 0
2804, 1402, 12917, 231, 0, 0
2806, 1403, 12923, 231, 0, 0
2808, 1404, 12918, 231, 0, 0
2810, 1405, 12927, 231, 0, 0
2812, 1406, 12919, 231, 0, 0
2814, 1407, 12931, 231, 0, 0
2816, 1408, 12929, 231, 0, 0
2818, 1409, 12933, 231, 0, 0
2820, 1410, 12930, 231, 0, 0
2822, 1411, 12934, 231, 0, 0
2824, 1412, 12929, 231, 0, 0
2826, 1413, 12936, 231, 0, 0
2828, 1414, 12933, 231, 0, 0
2830, 1415, 12942, 231, 0, 0
2832, 1416, 12935, 231, 0, 0
2834, 1417, 12941, 231, 0, 0
2836, 1418, 12944, 231, 0, 0
2838, 1419, 12941, 231, 0, 0
2840, 1420, 12940, 231, 0, 0
2842, 1421, 12941, 231, 0, 0
2844, 1422, 12947, 231, 0, 0
2846, 1423, 12947, 231, 0, 0
2848, 1424, 12944, 231, 0, 0
2850, 1425, 12973, 231, 0, 0
2852, 1426, 12961, 231, 0, 0
2854, 1427, 12956, 231, 0, 0
2856, 1428, 12943, 231, 0, 0
2858, 1429, 12951, 231, 0, 0
2860, 1430, 12947, 231, 0, 0
2862, 1431, 12950, 231, 0, 0
2864, 1432, 12951, 231, 0, 0
2866, 1433, 12953, 231, 0, 0
2868, 1434, 12958, 231, 0, 0
2870, 1435, 12959, 231, 0, 0
2872, 1436, 12955, 231, 0, 0
2874, 1437, 12959, 231, 0, 0
2876, 1438, 12968, 231, 0, 0
2878, 1439, 12960, 231, 0, 0
2880, 1440, 12962, 231, 0, 0
2882, 1441, 12962, 231, 0, 0
2884, 1442, 12974, 231, 0, 0
2886, 1443, 12963, 231, 0, 0
2888, 1444, 12975, 231, 0, 0
2890, 1445, 12963, 231, 0, 0
2892, 1446, 12972, 231, 0, 0
2894, 1447, 12965, 231, 0, 0
2896, 1448, 12977, 231, 0, 0
2898, 1449, 12974, 231, 0, 0
2900, 1450, 12977, 231, 0, 0
2902, 1451, 12972, 231, 0, 0
2904, 1452, 12979, 231, 0, 0
2906, 1453, 12975, 231, 0, 0
2908, 1454, 12982, 231, 0, 0
2910, 1455, 12975, 231, 0, 0
2912, 1456, 12979, 231, 0, 0
2914, 1457, 12978, 231, 0, 0
2916, 1458, 12982, 231, 0, 0
2918, 1459, 12989, 231, 0, 0
2920, 1460, 13002, 231, 0, 0
2922, 1461, 12994, 231, 0, 0
2924, 1462, 12984, 231, 0, 0
2926, 1463, 12984, 231, 0, 0
2928, 1464, 12988, 231, 0, 0
2930, 1465, 12994, 231, 0, 0
2932, 1466, 12984, 231, 0, 0
2934, 1467, 12991, 231, 0, 0
2936, 1468, 12989, 231, 0, 0
2938, 1469, 12991, 231, 0, 0
2940, 1470, 12989, 231, 0, 0
2942, 1471, 12993, 231, 0, 0
2944, 1472, 12993, 231, 0, 0
2946, 1473, 12995, 231, 0, 0
2948, 1474, 13000, 231, 0, 0
2950, 1475, 13003, 231, 0, 0
2952, 1476, 13008, 231, 0, 0
2954, 1477, 13002, 231, 0, 0
2956, 1478, 13018, 231, 0, 0
2958, 1479, 13003, 231, 0, 0
2960, 1480, 13005, 231, 0, 0
2962, 1481, 13006, 231, 0, 0
2964, 1482, 13007, 231, 0, 0
2966, 1483, 13005, 231, 0, 0
2968, 1484, 13011, 231, 0, 0
2970, 1485, 13007, 231, 0, 0
2972, 1486, 13008, 231, 0, 0
2974, 1487, 13025, 231, 0, 0
2976, 1488, 13010, 231, 0, 0
2978, 1489, 13018, 231, 0, 0
2980, 1490, 13008, 231, 0, 0
2982, 1491, 13018, 231, 0, 0
2984, 1492, 13014, 231, 0, 0
2986, 1493, 13018, 231, 0, 0
2988, 1494, 13040, 231, 0, 0
2990, 1495, 13032, 231, 0, 0
2992, 1496, 13032, 231, 0, 0
2994, 1497, 13014, 231, 0, 0
2996, 1498, 13026, 231, 0, 0
2998, 1499, 13026, 231, 0, 0
3000, 1500, 13030, 231, 0, 0
3002, 1501, 13022, 231, 0, 0
3004, 1502, 13024, 231, 0, 0
3006, 1503, 13029, 231, 0, 0
3008, 1504, 13024, 231, 0, 0
3010, 1505, 13034, 231, 0, 0
3012, 1506, 13028, 231, 0, 0
3014, 1507, 13045, 231, 0, 0
3016, 1508, 13030, 231, 0, 0
3018, 1509, 13036, 231, 0, 0
3020, 1510, 13032, 231, 0, 0
3022, 1511, 13037, 231, 0, 0
3024, 1512, 13035, 231, 0, 0
3026, 1513, 13035, 231, 0, 0
3028, 1514, 13045, 231, 0, 0
3030, 1515, 13042, 231, 0, 0
3032, 1516, 13040, 231, 0, 0
3034, 1517, 13040, 231, 0, 0
3036, 1518, 13046, 231, 0, 0
3038, 1519, 13045, 231, 0, 0
3040, 1520, 13043, 231, 0, 0
3042, 1521, 13052, 231, 0, 0
3044, 1522, 13043, 231, 0, 0
3046, 1523, 13050, 231, 0, 0
3048, 1524, 13043, 231, 0, 0
3050, 1525, 13047, 231, 0, 0
3052, 1526, 13046, 231, 0, 0
3054, 1527, 13049, 231, 0, 0
3056, 1528, 13065, 231, 0, 0
3058, 1529, 13068, 232, 0, 0
3060, 1530, 13067, 231, 0, 0
3062, 1531, 13053, 231, 0, 0
3064, 1532, 13047, 231, 0, 0
3066, 1533, 13056, 231, 0, 0
3068, 1534, 13053, 231, 0, 0
3070, 1535, 13061, 231, 0, 0
3072, 1536, 13053, 231, 0, 0
3074, 1537, 13058, 231, 0, 0
3076, 1538, 13055, 231, 0, 0
3078, 1539, 13058, 231, 0, 0
3080, 1540, 13058, 231, 0, 0
3082, 1541, 13059, 231, 0, 0
3084, 1542, 13069, 231, 0, 0
3086, 1543, 13063, 231, 0, 0
3088, 1544, 13071, 231, 0, 0
3090, 1545, 13067, 231, 0, 0
3092, 1546, 13069, 231, 0, 0
3094, 1547, 13068, 231, 0, 0
3096, 1548, 13069, 231, 0, 0
3098, 1549, 13068, 232, 0, 0
3100, 1550, 13071, 231, 0, 0
3102, 1551, 13072, 231, 0, 0
3104, 1552, 13072, 231, 0, 0
3106, 1553, 13080, 231, 0, 0
3108, 1554, 13081, 231, 0, 0
3110, 1555, 13074, 231, 0, 0
3112, 1556, 13086, 231, 0, 0
3114, 1557, 13075, 231, 0, 0
3116, 1558, 13082, 231, 0, 0
3118, 1559, 13083, 231, 0, 0
3120, 1560, 13078, 231, 0, 0
3122, 1561, 13085, 231, 0, 0
3124, 1562, 13080, 231, 0, 0
3126, 1563, 13084, 231, 0, 0
3128, 1564, 13096, 231, 0, 0
3130, 1565, 13087, 232, 0, 0
3132, 1566, 13086, 231, 0, 0
3134, 1567, 13083, 231, 0, 0
3136, 1568, 13085, 231, 0, 0
3138, 1569, 13089, 231, 0, 0
3140, 1570, 13090, 231, 0, 0
3142, 1571, 13093, 231, 0, 0
3144, 1572, 13093, 231, 0, 0
3146, 1573, 13097, 231, 0, 0
3148, 1574, 13090, 231, 0, 0
3150, 1575, 13091, 231, 0, 0
3152, 1576, 13102, 231, 0, 0
3154, 1577, 13093, 231, 0, 0
3156, 1578, 13098, 231, 0, 0
3158, 1579, 13096, 231, 0, 0
3160, 1580, 13098, 231, 0, 0
3162, 1581, 13106, 231, 0, 0
3164, 1582, 13096, 231, 0, 0
3166, 1583, 13104, 231, 0, 0
3168, 1584, 13105, 231, 0, 0
3170, 1585, 13097, 231, 0, 0
3172, 1586, 13111, 231, 0, 0
3174, 1587, 13106, 231, 0, 0
3176, 1588, 13106, 231, 0, 0
3178, 1589, 13106, 231, 0, 0
3180, 1590, 13106, 231, 0, 0
3182, 1591, 13111, 231, 0, 0
3184, 1592, 13107, 231, 0, 0
3186, 1593, 13108, 231, 0, 0
3188, 1594, 13108, 231, 0, 0
3190, 1595, 13108, 231, 0, 0
3192, 1596, 13117, 231, 0, 0
3194, 1597, 13118, 231, 0, 0
3196, 1598, 13132, 231, 0, 0
3198, 1599, 13132, 231, 0, 0
3200, 1600, 13114, 231, 0, 0
3202, 1601, 13112, 231, 0, 0
3204, 1602, 13118, 231, 0, 0
3206, 1603, 13116, 231, 0, 0
3208, 1604, 13123, 231, 0, 0
3210, 1605, 13115, 231, 0, 0
3212, 1606, 13122, 231, 0, 0
3214, 1607, 13114, 231, 0, 0
3216, 1608, 13118, 231, 0, 0
3218, 1609, 13127, 231, 0, 0
3220, 1610, 13121, 231, 0, 0
3222, 1611, 13125, 231, 0, 0
3224, 1612, 13120, 231, 0, 0
3226, 1613, 13127, 231, 0, 0
3228, 1614, 13133, 231, 0, 0
3230, 1615, 13129, 231, 0, 0
3232, 1616, 13129, 231, 0, 0
3234, 1617, 13139, 231, 0, 0
3236, 1618, 13122, 232, 0, 0
3238, 1619, 13136, 231, 0, 0
3240, 1620, 13130, 231, 0, 0
3242, 1621, 13131, 231, 0, 0
3244, 1622, 13142, 231, 0, 0
3246, 1623, 13133, 231, 0, 0
3248, 1624, 13137, 231, 0, 0
3250, 1625, 13152, 231, 0, 0
3252, 1626, 13136, 231, 0, 0
3254, 1627, 13146, 231, 0, 0
3256, 1628, 13134, 231, 0, 0
3258, 1629, 13138, 231, 0, 0
3260, 1630, 13147, 231, 0, 0
3262, 1631, 13143, 231, 0, 0
3264, 1632, 13144, 231, 0, 0
3266, 1633, 13155, 231, 0, 0
3268, 1634, 13147, 232, 0, 0
3270, 1635, 13144, 231, 0, 0
3272, 1636, 13144, 231, 0, 0
3274, 1637, 13141, 231, 0, 0
3276, 1638, 13155, 231, 0, 0
3278, 1639, 13145, 231, 0, 0
3280, 1640, 13145, 231, 0, 0
3282, 1641, 13156, 231, 0, 0
3284, 1642, 13146, 231, 0, 0
3286, 1643, 13152, 231, 0, 0
3288, 1644, 13151, 231, 0, 0
3290, 1645, 13159, 231, 0, 0
3292, 1646, 13159, 231, 0, 0
3294, 1647, 13153, 231, 0, 0
3296, 1648, 13155, 231, 0, 0
3298, 1649, 13166, 231, 0, 0
3300, 1650, 13155, 231, 0, 0
3302, 1651, 13160, 231, 0, 0
3304, 1652, 13159, 231, 0, 0
3306, 1653, 13155, 231, 0, 0
3308, 1654, 13161, 231, 0, 0
3310, 1655, 13161, 231, 0, 0
3312, 1656, 13163, 231, 0, 0
3314, 1657, 13168, 231, 0, 0
3316, 1658, 13164, 231, 0, 0
3318, 1659, 13165, 231, 0, 0
3320, 1660, 13171, 231, 0, 0
3322, 1661, 13166, 231, 0, 0
3324, 1662, 13167, 231, 0, 0
3326, 1663, 13164, 231, 0, 0
3328, 1664, 13165, 231, 0, 0
3330, 1665, 13173, 231, 0, 0
3332, 1666, 13175, 231, 0, 0
3334, 1667, 13186, 234, 0, 0
3336, 1668, 13185, 231, 0, 0
3338, 1669, 13171, 231, 0, 0
3340, 1670, 13164, 231, 0, 0
3342, 1671, 13183, 231, 0, 0
3344, 1672, 13173, 231, 0, 0
3346, 1673, 13173, 231, 0, 0
3348, 1674, 13182, 231, 0, 0
3350, 1675, 13171, 231, 0, 0
3352, 1676, 13177, 231, 0, 0
3354, 1677, 13174, 231, 0, 0
3356, 1678, 13175, 231, 0, 0
3358, 1679, 13182, 231, 0, 0
3360, 1680, 13178, 231, 0, 0
3362, 1681, 13179, 231, 0, 0
3364, 1682, 13190, 231, 0, 0
3366, 1683, 13180, 231, 0, 0
3368, 1684, 13185, 231, 0, 0
3370, 1685, 13192, 231, 0, 0
3372, 1686, 13186, 231, 0, 0
3374, 1687, 13186, 231, 0, 0
3376, 1688, 13193, 231, 0, 0
3378, 1689, 13184, 231, 0, 0
3380, 1690, 13190, 231, 0, 0
3382, 1691, 13201, 231, 0, 0
3384, 1692, 13188, 231, 0, 0
3386, 1693, 13193, 231, 0, 0
3388, 1694, 13196, 231, 0, 0
3390, 1695, 13191, 231, 0, 0
3392, 1696, 13201, 231, 0, 0
3394, 1697, 13189, 231, 0, 0
3396, 1698, 13193, 231, 0, 0
3398, 1699, 13199, 231, 0, 0
3400, 1700, 13197, 231, 0, 0
3402, 1701, 13196, 231, 0, 0
3404, 1702, 13215, 231, 0, 0
3406, 1703, 13202, 232, 0, 0
3408, 1704, 13193, 231, 0, 0
3410, 1705, 13204, 231, 0, 0
3412, 1706, 13196, 231, 0, 0
3414, 1707, 13197, 231, 0, 0
3416, 1708, 13207, 231, 0, 0
3418, 1709, 13197, 231, 0, 0
3420, 1710, 13200, 231, 0, 0
3422, 1711, 13209, 231, 0, 0
3424, 1712, 13202, 231, 0, 0
3426, 1713, 13206, 231, 0, 0
3428, 1714, 13216, 231, 0, 0
3430, 1715, 13206, 231, 0, 0
3432, 1716, 13208, 231, 0, 0
3434, 1717, 13217, 231, 0, 0
3436, 1718, 13208, 231, 0, 0
3438, 1719, 13210, 231, 0, 0
3440, 1720, 13218, 231, 0, 0
3442, 1721, 13212, 231, 0, 0
3444, 1722, 13211, 231, 0, 0
3446, 1723, 13219, 231, 0, 0
3448, 1724, 13214, 231, 0, 0
3450, 1725, 13219, 231, 0, 0
3452, 1726, 13228, 231, 0, 0
3454, 1727, 13218, 231, 0, 0
3456, 1728, 13219, 231, 0, 0
3458, 1729, 13225, 231, 0, 0
3460, 1730, 13219, 231, 0, 0
3462, 1731, 13219, 231, 0, 0
3464, 1732, 13227, 231, 0, 0
3466, 1733, 13218, 231, 0, 0
3468, 1734, 13223, 231, 0, 0
3470, 1735, 13237, 231, 0, 0
3472, 1736, 13238, 236, 0, 0
3474, 1737, 13233, 231, 0, 0
3476, 1738, 13234, 231, 0, 0
3478, 1739, 13216, 231, 0, 0
3480, 1740, 13229, 231, 0, 0
3482, 1741, 13235, 231, 0, 0
3484, 1742, 13223, 231, 0, 0
3486, 1743, 13226, 231, 0, 0
3488, 1744, 13233, 231, 0, 0
3490, 1745, 13222, 231, 0, 0
3492, 1746, 13227, 231, 0, 0
3494, 1747, 13237, 231, 0, 0
3496, 1748, 13229, 231, 0, 0
3498, 1749, 13231, 231, 0, 0
3500, 1750, 13240, 231, 0, 0
3502, 1751, 13234, 231, 0, 0
3504, 1752, 13235, 231, 0, 0
3506, 1753, 13244, 231, 0, 0
3508, 1754, 13244, 231, 0, 0
3510, 1755, 13237, 231, 0, 0
3512, 1756, 13237, 231, 0, 0
3514, 1757, 13239, 231, 0, 0
3516, 1758, 13236, 231, 0, 0
3518, 1759, 13246, 231, 0, 0
3520, 1760, 13242, 231, 0, 0
3522, 1761, 13239, 231, 0, 0
3524, 1762, 13247, 231, 0, 0
3526, 1763, 13247, 231, 0, 0
3528, 1764, 13241, 231, 0, 0
3530, 1765, 13252, 231, 0, 0
3532, 1766, 13240, 231, 0, 0
3534, 1767, 13248, 231, 0, 0
3536, 1768, 13250, 231, 0, 0
3538, 1769, 13246, 231, 0, 0
3540, 1770, 13246, 231, 0, 0
3542, 1771, 13262, 231, 0, 0
3544, 1772, 13262, 232, 0, 0
3546, 1773, 13244, 231, 0, 0
3548, 1774, 13251, 231, 0, 0
3550, 1775, 13256, 231, 0, 0
3552, 1776, 13247, 231, 0, 0
3554, 1777, 13251, 231, 0, 0
3556, 1778, 13258, 231, 0, 0
3558, 1779, 13250, 231, 0, 0
3560, 1780, 13254, 231, 0, 0
3562, 1781, 13259, 231, 0, 0
3564, 1782, 13253, 231, 0, 0
3566, 1783, 13262, 231, 0, 0
3568, 1784, 13261, 231, 0, 0
3570, 1785, 13257, 231, 0, 0
3572, 1786, 13257, 231, 0, 0
3574, 1787, 13264, 231, 0, 0
3576, 1788, 13258, 231, 0, 0
3578, 1789, 13258, 231, 0, 0
3580, 1790, 13264, 231, 0, 0
3582, 1791, 13275, 231, 0, 0
3584, 1792, 13258, 231, 0, 0
3586, 1793, 13265, 231, 0, 0
3588, 1794, 13275, 231, 0, 0
3590, 1795, 13267, 231, 0, 0
3592, 1796, 13266, 231, 0, 0
3594, 1797, 13273, 231, 0, 0
3596, 1798, 13264, 231, 0, 0
3598, 1799, 13267, 231, 0, 0
3600, 1800, 13270, 231, 0, 0
3602, 1801, 13266, 231, 0, 0
3604, 1802, 13267, 231, 0, 0
3606, 1803, 13273, 231, 0, 0
3608, 1804, 13286, 231, 0, 0
3610, 1805, 13286, 231, 0, 0
3612, 1806, 13280, 231, 0, 0
3614, 1807, 13281, 231, 0, 0
3616, 1808, 13265, 231, 0, 0
3618, 1809, 13274, 231, 0, 0
3620, 1810, 13280, 231, 0, 0
3622, 1811, 13271, 231, 0, 0
3624, 1812, 13272, 231, 0, 0
3626, 1813, 13277, 231, 0, 0
3628, 1814, 13274, 231, 0, 0
3630, 1815, 13274, 231, 0, 0
3632, 1816, 13278, 231, 0, 0
3634, 1817, 13287, 231, 0, 0
3636, 1818, 13276, 231, 0, 0
3638, 1819, 13280, 231, 0, 0
3640, 1820, 13289, 231, 0, 0
3642, 1821, 13282, 231, 0, 0
3644, 1822, 13279, 231, 0, 0
3646, 1823, 13289, 231, 0, 0
3648, 1824, 13285, 231, 0, 0
3650, 1825, 13281, 231, 0, 0
3652, 1826, 13286, 231, 0, 0
3654, 1827, 13294, 231, 0, 0
3656, 1828, 13286, 231, 0, 0
3658, 1829, 13294, 231, 0, 0
3660, 1830, 13294, 231, 0, 0
3662, 1831, 13288, 231, 0, 0
3664, 1832, 13293, 231, 0, 0
3666, 1833, 13294, 231, 0, 0
3668, 1834, 13294, 231, 0, 0
3670, 1835, 13287, 231, 0, 0
3672, 1836, 13293, 231, 0, 0
3674, 1837, 13301, 231, 0, 0
3676, 1838, 13292, 231, 0, 0
3678, 1839, 13293, 231, 0, 0
3680, 1840, 13311, 231, 0, 0
3682, 1841, 13298, 231, 0, 0
3684, 1842, 13290, 231, 0, 0
3686, 1843, 13299, 231, 0, 0
3688, 1844, 13304, 231, 0, 0
3690, 1845, 13298, 231, 0, 0
3692, 1846, 13301, 231, 0, 0
3694, 1847, 13302, 231, 0, 0
3696, 1848, 13301, 231, 0, 0
3698, 1849, 13297, 231, 0, 0
3700, 1850, 13304, 231, 0, 0
3702, 1851, 13301, 231, 0, 0
3704, 1852, 13303, 231, 0, 0
3706, 1853, 13304, 231, 0, 0
3708, 1854, 13312, 231, 0, 0
3710, 1855, 13304, 231, 0, 0
3712, 1856, 13305, 231, 0, 0
3714, 1857, 13312, 231, 0, 0
3716, 1858, 13304, 231, 0, 0
3718, 1859, 13306, 231, 0, 0
3720, 1860, 13313, 231, 0, 0
3722, 1861, 13318, 231, 0, 0
3724, 1862, 13309, 231, 0, 0
3726, 1863, 13311, 231, 0, 0
3728, 1864, 13319, 231, 0, 0
3730, 1865, 13309, 231, 0, 0
3732, 1866, 13311, 231, 0, 0
3734, 1867, 13313, 231, 0, 0
3736, 1868, 13321, 231, 0, 0
3738, 1869, 13310, 231, 0, 0
3740, 1870, 13311, 231, 0, 0
3742, 1871, 13319, 231, 0, 0
3744, 1872, 13314, 231, 0, 0
3746, 1873, 13320, 231, 0, 0
3748, 1874, 13334, 231, 0, 0
3750, 1875, 13334, 231, 0, 0
3752, 1876, 13317, 231, 0, 0
3754, 1877, 13310, 231, 0, 0
3756, 1878, 13326, 231, 0, 0
3758, 1879, 13318, 231, 0, 0
3760, 1880, 13316, 231, 0, 0
3762, 1881, 13320, 231, 0, 0
3764, 1882, 13330, 231, 0, 0
3766, 1883, 13318, 231, 0, 0
3768, 1884, 13318, 231, 0, 0
3770, 1885, 13326, 231, 0, 0
3772, 1886, 13321, 231, 0, 0
3774, 1887, 13314, 231, 0, 0
3776, 1888, 13327, 231, 0, 0
3778, 1889, 13335, 231, 0, 0
3780, 1890, 13323, 231, 0, 0
3782, 1891, 13327, 231, 0, 0
3784, 1892, 13340, 231, 0, 0
3786, 1893, 13329, 231, 0, 0
3788, 1894, 13325, 231, 0, 0
3790, 1895, 13331, 231, 0, 0
3792, 1896, 13336, 231, 0, 0
3794, 1897, 13330, 231, 0, 0
3796, 1898, 13336, 231, 0, 0
3798, 1899, 13334, 231, 0, 0
3800, 1900, 13342, 231, 0, 0
3802, 1901, 13337, 231, 0, 0
3804, 1902, 13332, 231, 0, 0
3806, 1903, 13344, 231, 0, 0
3808, 1904, 13331, 231, 0, 0
3810, 1905, 13338, 231, 0, 0
3812, 1906, 13337, 231, 0, 0
3814, 1907, 13347, 231, 0, 0
3816, 1908, 13337, 231, 0, 0
3818, 1909, 13346, 231, 0, 0
3820, 1910, 13346, 231, 0, 0
3822, 1911, 13346, 231, 0, 0
3824, 1912, 13338, 231, 0, 0
3826, 1913, 13337, 231, 0, 0
3828, 1914, 13349, 231, 0, 0
3830, 1915, 13339, 231, 0, 0
3832, 1916, 13336, 231, 0, 0
3834, 1917, 13346, 231, 0, 0
3836, 1918, 13347, 231, 0, 0
3838, 1919, 13341, 231, 0, 0
3840, 1920, 13342, 231, 0, 0
3842, 1921, 13355, 231, 0, 0
3844, 1922, 13356, 231, 0, 0
3846, 1923, 13345, 231, 0, 0
3848, 1924, 13346, 231, 0, 0
3850, 1925, 13355, 231, 0, 0
3852, 1926, 13347, 231, 0, 0
3854, 1927, 13346, 231, 0, 0
3856, 1928, 13351, 231, 0, 0
3858, 1929, 13355, 231, 0, 0
3860, 1930, 13347, 231, 0, 0
3862, 1931, 13350, 231, 0, 0
3864, 1932, 13357, 231, 0, 0
3866, 1933, 13361, 231, 0, 0
3868, 1934, 13353, 231, 0, 0
3870, 1935, 13352, 231, 0, 0
3872, 1936, 13357, 231, 0, 0
3874, 1937, 13353, 231, 0, 0
3876, 1938, 13352, 231, 0, 0
3878, 1939, 13354, 231, 0, 0
3880, 1940, 13361, 231, 0, 0
3882, 1941, 13356, 231, 0, 0
3884, 1942, 13361, 231, 0, 0
3886, 1943, 13373, 231, 0, 0
3888, 1944, 13374, 231, 0, 0
3890, 1945, 13359, 231, 0, 0
3892, 1946, 13351, 231, 0, 0
3894, 1947, 13364, 231, 0, 0
3896, 1948, 13370, 231, 0, 0
3898, 1949, 13357, 231, 0, 0
3900, 1950, 13358, 231, 0, 0
3902, 1951, 13366, 231, 0, 0
3904, 1952, 13368, 231, 0, 0
3906, 1953, 13360, 231, 0, 0
3908, 1954, 13361, 231, 0, 0
3910, 1955, 13368, 231, 0, 0
3912, 1956, 13363, 231, 0, 0
3914, 1957, 13365, 231, 0, 0
3916, 1958, 13371, 231, 0, 0
3918, 1959, 13371, 231, 0, 0
3920, 1960, 13365, 231, 0, 0
3922, 1961, 13367, 231, 0, 0
3924, 1962, 13370, 231, 0, 0
3926, 1963, 13377, 231, 0, 0
3928, 1964, 13371, 231, 0, 0
3930, 1965, 13367, 231, 0, 0
3932, 1966, 13372, 231, 0, 0
3934, 1967, 13386, 231, 0, 0
3936, 1968, 13371, 231, 0, 0
3938, 1969, 13371, 231, 0, 0
3940, 1970, 13380, 231, 0, 0
3942, 1971, 13382, 231, 0, 0
3944, 1972, 13377, 231, 0, 0
3946, 1973, 13375, 231, 0, 0
3948, 1974, 13378, 231, 0, 0
3950, 1975, 13386, 231, 0, 0
3952, 1976, 13378, 231, 0, 0
3954, 1977, 13376, 231, 0, 0
3956, 1978, 13391, 231, 0, 0
3958, 1979, 13392, 231, 0, 0
3960, 1980, 13374, 231, 0, 0
3962, 1981, 13377, 231, 0, 0
3964, 1982, 13381, 231, 0, 0
3966, 1983, 13393, 231, 0, 0
3968, 1984, 13382, 231, 0, 0
3970, 1985, 13378, 231, 0, 0
3972, 1986, 13389, 231, 0, 0
3974, 1987, 13389, 231, 0, 0
3976, 1988, 13381, 231, 0, 0
3978, 1989, 13382, 231, 0, 0
3980, 1990, 13396, 231, 0, 0
3982, 1991, 13396, 231, 0, 0
3984, 1992, 13384, 231, 0, 0
3986, 1993, 13385, 231, 0, 0
3988, 1994, 13393, 231, 0, 0
3990, 1995, 13398, 231, 0, 0
3992, 1996, 13388, 231, 0, 0
3994, 1997, 13388, 231, 0, 0
3996, 1998, 13392, 231, 0, 0
3998, 1999, 13399, 231, 0, 0
4000, 2000, 13390, 231, 0, 0
4002, 2001, 13392, 231, 0, 0
4004, 2002, 13399, 231, 0, 0
4006, 2003, 13406, 231, 0, 0
4008, 2004, 13392, 231, 0, 0
4010, 2005, 13390, 231, 0, 0
4012, 2006, 13400, 231, 0, 0
4014, 2007, 13404, 231, 0, 0
4016, 2008, 13392, 231, 0, 0
4018, 2009, 13392, 231, 0, 0
4020, 2010, 13400, 231, 0, 0
4022, 2011, 13413, 231, 0, 0
4024, 2012, 13410, 232, 0, 0
4026, 2013, 13403, 231, 0, 0
4028, 2014, 13403, 231, 0, 0
4030, 2015, 13403, 231, 0, 0
4032, 2016, 13399, 231, 0, 0
4034, 2017, 13397, 231, 0, 0
4036, 2018, 13401, 231, 0, 0
4038, 2019, 13408, 231, 0, 0
4040, 2020, 13399, 231, 0, 0
4042, 2021, 13397, 231, 0, 0
4044, 2022, 13403, 231, 0, 0
4046, 2023, 13411, 231, 0, 0
4048, 2024, 13401, 231, 0, 0
4050, 2025, 13399, 231, 0, 0
4052, 2026, 13407, 231, 0, 0
4054, 2027, 13415, 231, 0, 0
4056, 2028, 13405, 231, 0, 0
4058, 2029, 13406, 231, 0, 0
4060, 2030, 13416, 231, 0, 0
4062, 2031, 13414, 231, 0, 0
4064, 2032, 13407, 231, 0, 0
4066, 2033, 13405, 231, 0, 0
4068, 2034, 13409, 231, 0, 0
4070, 2035, 13417, 231, 0, 0
4072, 2036, 13411, 231, 0, 0
4074, 2037, 13409, 231, 0, 0
4076, 2038, 13411, 231, 0, 0
4078, 2039, 13415, 231, 0, 0
4080, 2040, 13411, 231, 0, 0
4082, 2041, 13415, 231, 0, 0
4084, 2042, 13413, 231, 0, 0
4086, 2043, 13419, 231, 0, 0
4088, 2044, 13414, 231, 0, 0
4090, 2045, 13415, 231, 0, 0
4092, 2046, 13414, 231, 0, 0
4094, 2047, 13429, 231, 0, 0
4096, 2048, 13430, 232, 0, 0
4098, 2049, 13412, 231, 0, 0
4100, 2050, 13414, 231, 0, 0
4102, 2051, 13418, 231, 0, 0
4104, 2052, 13429, 231, 0, 0
4106, 2053, 13420, 231, 0, 0
4108, 2054, 13413, 231, 0, 0
4110, 2055, 13423, 231, 0, 0
4112, 2056, 13424, 231, 0, 0
4114, 2057, 13418, 231, 0, 0
4116, 2058, 13420, 231, 0, 0
4118, 2059, 13423, 231, 0, 0
4120, 2060, 13428, 231, 0, 0
4122, 2061, 13422, 231, 0, 0
4124, 2062, 13423, 231, 0, 0
4126, 2063, 13424, 231, 0, 0
4128, 2064, 13429, 231, 0, 0
4130, 2065, 13435, 231, 0, 0
4132, 2066, 13425, 231, 0, 0
4134, 2067, 13428, 231, 0, 0
4136, 2068, 13427, 231, 0, 0
4138, 2069, 13437, 231, 0, 0
4140, 2070, 13429, 231, 0, 0
4142, 2071, 13426, 231, 0, 0
4144, 2072, 13431, 231, 0, 0
4146, 2073, 13437, 231, 0, 0
4148, 2074, 13427, 231, 0, 0
4150, 2075, 13428, 231, 0, 0
4152, 2076, 13428, 231, 0, 0
4154, 2077, 13434, 231, 0, 0
4156, 2078, 13443, 231, 0, 0
4158, 2079, 13431, 231, 0, 0
4160, 2080, 13436, 231, 0, 0
4162, 2081, 13451, 231, 0, 0
4164, 2082, 13451, 231, 0, 0
4166, 2083, 13434, 231, 0, 0
4168, 2084, 13428, 231, 0, 0
4170, 2085, 13438, 231, 0, 0
4172, 2086, 13443, 231, 0, 0
4174, 2087, 13432, 231, 0, 0
4176, 2088, 13433, 231, 0, 0
4178, 2089, 13436, 231, 0, 0
4180, 2090, 13441, 231, 0, 0
4182, 2091, 13448, 231, 0, 0
4184, 2092, 13436, 231, 0, 0
4186, 2093, 13436, 231, 0, 0
4188, 2094, 13442, 231, 0, 0
4190, 2095, 13449, 231, 0, 0
4192, 2096, 13441, 231, 0, 0
4194, 2097, 13438, 231, 0, 0
4196, 2098, 13444, 231, 0, 0
4198, 2099, 13448, 231, 0, 0
4200, 2100, 13443, 231, 0, 0
4202, 2101, 13440, 231, 0, 0
4204, 2102, 13441, 231, 0, 0
4206, 2103, 13448, 231, 0, 0
4208, 2104, 13455, 231, 0, 0
4210, 2105, 13446, 231, 0, 0
4212, 2106, 13444, 231, 0, 0
4214, 2107, 13448, 231, 0, 0
4216, 2108, 13459, 231, 0, 0
4218, 2109, 13445, 231, 0, 0
4220, 2110, 13449, 231, 0, 0
4222, 2111, 13448, 231, 0, 0
4224, 2112, 13453, 231, 0, 0
4226, 2113, 13460, 231, 0, 0
4228, 2114, 13450, 231, 0, 0
4230, 2115, 13449, 231, 0, 0
4232, 2116, 13462, 231, 0, 0
4234, 2117, 13462, 231, 0, 0
4236, 2118, 13447, 231, 0, 0
4238, 2119, 13449, 231, 0, 0
4240, 2120, 13449, 231, 0, 0
4242, 2121, 13460, 231, 0, 0
4244, 2122, 13467, 231, 0, 0
4246, 2123, 13449, 231, 0, 0
4248, 2124, 13455, 231, 0, 0
4250, 2125, 13455, 231, 0, 0
4252, 2126, 13462, 231, 0, 0
4254, 2127, 13455, 231, 0, 0
4256, 2128, 13456, 231, 0, 0
4258, 2129, 13455, 231, 0, 0
4260, 2130, 13462, 231, 0, 0
4262, 2131, 13469, 231, 0, 0
4264, 2132, 13459, 231, 0, 0
4266, 2133, 13458, 231, 0, 0
4268, 2134, 13462, 231, 0, 0
4270, 2135, 13469, 231, 0, 0
4272, 2136, 13462, 231, 0, 0
4274, 2137, 13457, 231, 0, 0
4276, 2138, 13460, 231, 0, 0
4278, 2139, 13468, 231, 0, 0
4280, 2140, 13472, 231, 0, 0
4282, 2141, 13461, 231, 0, 0
4284, 2142, 13462, 231, 0, 0
4286, 2143, 13463, 231, 0, 0
4288, 2144, 13473, 231, 0, 0
4290, 2145, 13462, 231, 0, 0
4292, 2146, 13463, 231, 0, 0
4294, 2147, 13463, 231, 0, 0
4296, 2148, 13469, 231, 0, 0
4298, 2149, 13480, 231, 0, 0
4300, 2150, 13479, 231, 0, 0
4302, 2151, 13473, 231, 0, 0
4304, 2152, 13468, 231, 0, 0
4306, 2153, 13468, 231, 0, 0
4308, 2154, 13482, 231, 0, 0
4310, 2155, 13468, 231, 0, 0
4312, 2156, 13466, 231, 0, 0
4314, 2157, 13469, 231, 0, 0
4316, 2158, 13478, 231, 0, 0
4318, 2159, 13468, 231, 0, 0
4320, 2160, 13468, 231, 0, 0
4322, 2161, 13469, 231, 0, 0
4324, 2162, 13475, 231, 0, 0
4326, 2163, 13481, 231, 0, 0
4328, 2164, 13473, 231, 0, 0
4330, 2165, 13474, 231, 0, 0
4332, 2166, 13475, 231, 0, 0
4334, 2167, 13482, 231, 0, 0
4336, 2168, 13488, 231, 0, 0
4338, 2169, 13476, 231, 0, 0
4340, 2170, 13475, 231, 0, 0
4342, 2171, 13477, 231, 0, 0
4344, 2172, 13484, 231, 0, 0
4346, 2173, 13477, 231, 0, 0
4348, 2174, 13483, 231, 0, 0
4350, 2175, 13477, 231, 0, 0
4352, 2176, 13482, 231, 0, 0
4354, 2177, 13493, 231, 0, 0
4356, 2178, 13478, 231, 0, 0
4358, 2179, 13482, 231, 0, 0
4360, 2180, 13480, 231, 0, 0
4362, 2181, 13486, 231, 0, 0
4364, 2182, 13492, 231, 0, 0
4366, 2183, 13483, 231, 0, 0
4368, 2184, 13482, 231, 0, 0
4370, 2185, 13491, 231, 0, 0
4372, 2186, 13493, 231, 0, 0
4374, 2187, 13493, 231, 0, 0
4376, 2188, 13483, 231, 0, 0
4378, 2189, 13481, 231, 0, 0
4380, 2190, 13488, 231, 0, 0
4382, 2191, 13492, 231, 0, 0
4384, 2192, 13482, 231, 0, 0
4386, 2193, 13484, 231, 0, 0
4388, 2194, 13484, 231, 0, 0
4390, 2195, 13490, 231, 0, 0
4392, 2196, 13496, 231, 0, 0
4394, 2197, 13489, 231, 0, 0
4396, 2198, 13488, 231, 0, 0
4398, 2199, 13488, 231, 0, 0
4400, 2200, 13493, 231, 0, 0
4402, 2201, 13501, 231, 0, 0
4404, 2202, 13490, 231, 0, 0
4406, 2203, 13491, 231, 0, 0
4408, 2204, 13491, 231, 0, 0
4410, 2205, 13495, 231, 0, 0
4412, 2206, 13500, 231, 0, 0
4414, 2207, 13493, 231, 0, 0
4416, 2208, 13495, 231, 0, 0
4418, 2209, 13492, 231, 0, 0
4420, 2210, 13501, 231, 0, 0
4422, 2211, 13507, 231, 0, 0
4424, 2212, 13493, 231, 0, 0
4426, 2213, 13494, 231, 0, 0
4428, 2214, 13494, 231, 0, 0
4430, 2215, 13500, 231, 0, 0
4432, 2216, 13508, 231, 0, 0
4434, 2217, 13497, 231, 0, 0
4436, 2218, 13502, 231, 0, 0
4438, 2219, 13512, 231, 0, 0
4440, 2220, 13512, 231, 0, 0
4442, 2221, 13512, 231, 0, 0
4444, 2222, 13493, 231, 0, 0
4446, 2223, 13500, 231, 0, 0
4448, 2224, 13501, 231, 0, 0
4450, 2225, 13505, 231, 0, 0
4452, 2226, 13512, 231, 0, 0
4454, 2227, 13501, 231, 0, 0
4456, 2228, 13499, 231, 0, 0
4458, 2229, 13501, 231, 0, 0
4460, 2230, 13508, 231, 0, 0
4462, 2231, 13515, 231, 0, 0
4464, 2232, 13501, 231, 0, 0
4466, 2233, 13505, 231, 0, 0
4468, 2234, 13507, 231, 0, 0
4470, 2235, 13513, 231, 0, 0
4472, 2236, 13520, 231, 0, 0
4474, 2237, 13505, 231, 0, 0
4476, 2238, 13507, 231, 0, 0
4478, 2239, 13503, 232, 0, 0
4480, 2240, 13513, 231, 0, 0
4482, 2241, 13519, 231, 0, 0
4484, 2242, 13508, 231, 0, 0
4486, 2243, 13514, 231, 0, 0
4488, 2244, 13510, 231, 0, 0
4490, 2245, 13517, 231, 0, 0
4492, 2246, 13527, 231, 0, 0
4494, 2247, 13510, 231, 0, 0
4496, 2248, 13513, 231, 0, 0
4498, 2249, 13509, 231, 0, 0
4500, 2250, 13518, 231, 0, 0
4502, 2251, 13525, 231, 0, 0
4504, 2252, 13514, 231, 0, 0
4506, 2253, 13513, 231, 0, 0
4508, 2254, 13523, 231, 0, 0
4510, 2255, 13523, 231, 0, 0
4512, 2256, 13523, 231, 0, 0
4514, 2257, 13514, 231, 0, 0
4516, 2258, 13518, 231, 0, 0
4518, 2259, 13516, 231, 0, 0
4520, 2260, 13521, 231, 0, 0
4522, 2261, 13526, 231, 0, 0
4524, 2262, 13518, 231, 0, 0
4526, 2263, 13517, 231, 0, 0
4528, 2264, 13517, 231, 0, 0
4530, 2265, 13523, 231, 0, 0
4532, 2266, 13535, 231, 0, 0
4534, 2267, 13519, 231, 0, 0
4536, 2268, 13519, 231, 0, 0
4538, 2269, 13519, 231, 0, 0
4540, 2270, 13526, 231, 0, 0
4542, 2271, 13530, 231, 0, 0
4544, 2272, 13522, 231, 0, 0
4546, 2273, 13522, 231, 0, 0
4548, 2274, 13524, 231, 0, 0
4550, 2275, 13523, 231, 0, 0
4552, 2276, 13533, 231, 0, 0
4554, 2277, 13525, 231, 0, 0
4556, 2278, 13523, 231, 0, 0
4558, 2279, 13525, 231, 0, 0
4560, 2280, 13527, 231, 0, 0
4562, 2281, 13531, 231, 0, 0
4564, 2282, 13541, 231, 0, 0
4566, 2283, 13524, 231, 0, 0
4568, 2284, 13524, 231, 0, 0
4570, 2285, 13526, 231, 0, 0
4572, 2286, 13534, 231, 0, 0
4574, 2287, 13545, 231, 0, 0
4576, 2288, 13540, 231, 0, 0
4578, 2289, 13534, 231, 0, 0
4580, 2290, 13529, 231, 0, 0
4582, 2291, 13529, 231, 0, 0
4584, 2292, 13542, 231, 0, 0
4586, 2293, 13530, 231, 0, 0
4588, 2294, 13528, 231, 0, 0
4590, 2295, 13528, 231, 0, 0
4592, 2296, 13534, 231, 0, 0
4594, 2297, 13539, 231, 0, 0
4596, 2298, 13531, 231, 0, 0
4598, 2299, 13530, 231, 0, 0
4600, 2300, 13531, 231, 0, 0
4602, 2301, 13534, 231, 0, 0
4604, 2302, 13542, 231, 0, 0
4606, 2303, 13552, 231, 0, 0
4608, 2304, 13535, 231, 0, 0
4610, 2305, 13536, 231, 0, 0
4612, 2306, 13536, 231, 0, 0
4614, 2307, 13543, 231, 0, 0
4616, 2308, 13543, 231, 0, 0
4618, 2309, 13536, 231, 0, 0
4620, 2310, 13534, 231, 0, 0
4622, 2311, 13537, 231, 0, 0
4624, 2312, 13548, 231, 0, 0
4626, 2313, 13548, 231, 0, 0
4628, 2314, 13539, 231, 0, 0
4630, 2315, 13542, 231, 0, 0
4632, 2316, 13539, 231, 0, 0
4634, 2317, 13545, 231, 0, 0
4636, 2318, 13545, 231, 0, 0
4638, 2319, 13555, 231, 0, 0
4640, 2320, 13541, 231, 0, 0
4642, 2321, 13541, 231, 0, 0
4644, 2322, 13542, 231, 0, 0
4646, 2323, 13556, 231, 0, 0
4648, 2324, 13557, 231, 0, 0
4650, 2325, 13540, 231, 0, 0
4652, 2326, 13542, 231, 0, 0
4654, 2327, 13541, 231, 0, 0
4656, 2328, 13549, 231, 0, 0
4658, 2329, 13555, 231, 0, 0
4660, 2330, 13556, 231, 0, 0
4662, 2331, 13543, 231, 0, 0
4664, 2332, 13542, 231, 0, 0
4666, 2333, 13546, 231, 0, 0
4668, 2334, 13553, 231, 0, 0
4670, 2335, 13561, 231, 0, 0
4672, 2336, 13547, 231, 0, 0
4674, 2337, 13548, 231, 0, 0
4676, 2338, 13548, 231, 0, 0
4678, 2339, 13554, 231, 0, 0
4680, 2340, 13558, 231, 0, 0
4682, 2341, 13549, 231, 0, 0
4684, 2342, 13550, 231, 0, 0
4686, 2343, 13552, 231, 0, 0
4688, 2344, 13550, 231, 0, 0
4690, 2345, 13559, 231, 0, 0
4692, 2346, 13566, 231, 0, 0
4694, 2347, 13552, 231, 0, 0
4696, 2348, 13552, 231, 0, 0
4698, 2349, 13553, 231, 0, 0
4700, 2350, 13556, 231, 0, 0
4702, 2351, 13565, 231, 0, 0
4704, 2352, 13553, 231, 0, 0
4706, 2353, 13553, 231, 0, 0
4708, 2354, 13553, 231, 0, 0
4710, 2355, 13556, 231, 0, 0
4712, 2356, 13567, 231, 0, 0
4714, 2357, 13581, 231, 0, 0
4716, 2358, 13563, 231, 0, 0
4718, 2359, 13557, 231, 0, 0
4720, 2360, 13551, 231, 0, 0
4722, 2361, 13562, 231, 0, 0
4724, 2362, 13567, 231, 0, 0
4726, 2363, 13571, 231, 0, 0
4728, 2364, 13556, 231, 0, 0
4730, 2365, 13555, 231, 0, 0
4732, 2366, 13557, 231, 0, 0
4734, 2367, 13563, 231, 0, 0
4736, 2368, 13570, 231, 0, 0
4738, 2369, 13560, 231, 0, 0
4740, 2370, 13558, 231, 0, 0
4742, 2371, 13561, 231, 0, 0
4744, 2372, 13568, 231, 0, 0
4746, 2373, 13568, 231, 0, 0
4748, 2374, 13578, 231, 0, 0
4750, 2375, 13564, 231, 0, 0
4752, 2376, 13562, 231, 0, 0
4754, 2377, 13558, 232, 0, 0
4756, 2378, 13567, 231, 0, 0
4758, 2379, 13572, 231, 0, 0
4760, 2380, 13565, 231, 0, 0
4762, 2381, 13567, 231, 0, 0
4764, 2382, 13565, 231, 0, 0
4766, 2383, 13567, 231, 0, 0
4768, 2384, 13576, 231, 0, 0
4770, 2385, 13579, 231, 0, 0
4772, 2386, 13570, 231, 0, 0
4774, 2387, 13565, 231, 0, 0
4776, 2388, 13567, 231, 0, 0
4778, 2389, 13570, 231, 0, 0
4780, 2390, 13577, 231, 0, 0
4782, 2391, 13597, 231, 0, 0
4784, 2392, 13578, 231, 0, 0
4786, 2393, 13573, 231, 0, 0
4788, 2394, 13567, 231, 0, 0
4790, 2395, 13574, 231, 0, 0
4792, 2396, 13578, 231, 0, 0
4794, 2397, 13584, 231, 0, 0
4796, 2398, 13571, 231, 0, 0
4798, 2399, 13568, 231, 0, 0
4800, 2400, 13574, 231, 0, 0
4802, 2401, 13576, 231, 0, 0
4804, 2402, 13583, 231, 0, 0
4806, 2403, 13574, 231, 0, 0
4808, 2404, 13575, 231, 0, 0
4810, 2405, 13574, 231, 0, 0
4812, 2406, 13575, 231, 0, 0
4814, 2407, 13582, 231, 0, 0
4816, 2408, 13589, 231, 0, 0
4818, 2409, 13577, 231, 0, 0
4820, 2410, 13577, 231, 0, 0
4822, 2411, 13577, 231, 0, 0
4824, 2412, 13579, 231, 0, 0
4826, 2413, 13583, 231, 0, 0
4828, 2414, 13591, 231, 0, 0
4830, 2415, 13580, 231, 0, 0
4832, 2416, 13578, 231, 0, 0
4834, 2417, 13580, 231, 0, 0
4836, 2418, 13583, 231, 0, 0
4838, 2419, 13587, 231, 0, 0
4840, 2420, 13596, 231, 0, 0
4842, 2421, 13579, 231, 0, 0
4844, 2422, 13580, 231, 0, 0
4846, 2423, 13580, 231, 0, 0
4848, 2424, 13585, 231, 0, 0
4850, 2425, 13595, 231, 0, 0
4852, 2426, 13609, 233, 0, 0
4854, 2427, 13589, 231, 0, 0
4856, 2428, 13583, 231, 0, 0
4858, 2429, 13578, 231, 0, 0
4860, 2430, 13589, 231, 0, 0
4862, 2431, 13593, 231, 0, 0
4864, 2432, 13598, 231, 0, 0
4866, 2433, 13583, 231, 0, 0
4868, 2434, 13584, 231, 0, 0
4870, 2435, 13583, 231, 0, 0
4872, 2436, 13589, 231, 0, 0
4874, 2437, 13595, 231, 0, 0
4876, 2438, 13601, 231, 0, 0
4878, 2439, 13586, 231, 0, 0
4880, 2440, 13587, 231, 0, 0
4882, 2441, 13591, 231, 0, 0
4884, 2442, 13594, 231, 0, 0
4886, 2443, 13598, 231, 0, 0
4888, 2444, 13596, 231, 0, 0
4890, 2445, 13590, 231, 0, 0
4892, 2446, 13589, 231, 0, 0
4894, 2447, 13591, 231, 0, 0
4896, 2448, 13595, 231, 0, 0
4898, 2449, 13602, 231, 0, 0
4900, 2450, 13597, 231, 0, 0
4902, 2451, 13592, 231, 0, 0
4904, 2452, 13592, 231, 0, 0
4906, 2453, 13592, 231, 0, 0
4908, 2454, 13596, 231, 0, 0
4910, 2455, 13607, 231, 0, 0
4912, 2456, 13610, 231, 0, 0
4914, 2457, 13594, 231, 0, 0
4916, 2458, 13594, 231, 0, 0
4918, 2459, 13594, 231, 0, 0
4920, 2460, 13613, 231, 0, 0
4922, 2461, 13613, 231, 0, 0
4924, 2462, 13614, 231, 0, 0
4926, 2463, 13593, 231, 0, 0
4928, 2464, 13596, 231, 0, 0
4930, 2465, 13594, 231, 0, 0
4932, 2466, 13599, 231, 0, 0
4934, 2467, 13609, 231, 0, 0
4936, 2468, 13611, 231, 0, 0
4938, 2469, 13597, 231, 0, 0
4940, 2470, 13595, 233, 0, 0
4942, 2471, 13597, 231, 0, 0
4944, 2472, 13602, 231, 0, 0
4946, 2473, 13614, 231, 0, 0
4948, 2474, 13615, 231, 0, 0
4950, 2475, 13601, 231, 0, 0
4952, 2476, 13601, 231, 0, 0
4954, 2477, 13602, 231, 0, 0
4956, 2478, 13604, 231, 0, 0
4958, 2479, 13611, 231, 0, 0
4960, 2480, 13617, 231, 0, 0
4962, 2481, 13605, 231, 0, 0
4964, 2482, 13601, 231, 0, 0
4966, 2483, 13603, 231, 0, 0
4968, 2484, 13607, 231, 0, 0
4970, 2485, 13611, 231, 0, 0
4972, 2486, 13618, 231, 0, 0
4974, 2487, 13605, 231, 0, 0
4976, 2488, 13604, 231, 0, 0
4978, 2489, 13606, 231, 0, 0
4980, 2490, 13605, 231, 0, 0
4982, 2491, 13611, 231, 0, 0
4984, 2492, 13618, 231, 0, 0
4986, 2493, 13607, 231, 0, 0
4988, 2494, 13611, 231, 0, 0
4990, 2495, 13619, 231, 0, 0
4992, 2496, 13614, 231, 0, 0
4994, 2497, 13614, 231, 0, 0
4996, 2498, 13614, 231, 0, 0
4998, 2499, 13626, 231, 0, 0
5000, 2500, 13609, 231, 0, 0

$